12.77	0.02152434721
12.77	0.02152434721
12.78	0.02193601506
12.78	0.02011291461
12.79	0.02011291461
12.79	0.01976005646
12.80	0.01411432604
12.80	0.01693719125
12.81	0.01517290049
12.81	0.007762879323
12.82	0.005998588567
12.82	0.001058574453
12.83	0
12.83	0.008468595625
12.84	0.01905434016
12.84	0.02011291461
12.85	0.0338743825
12.85	0.03916725476
12.86	0.04199011997
12.86	0.04481298518
12.87	0.04057868737
12.87	0.03140437544
12.88	0.0345800988
12.88	0.02964008469
12.89	0.02752293578
12.89	0.03175723359
12.90	0.02575864502
12.90	0.02470007057
12.91	0.02081863091
12.91	0.01834862385
12.92	0.018701482
12.92	0.02822865208
12.93	0.02787579393
12.93	0.03175723359
12.94	0.03634438956
12.94	0.03740296401
12.95	0.04199011997
12.95	0.04798870854
12.96	0.04340155258
12.96	0.04798870854
12.97	0.05681016231
12.97	0.06422018349
12.98	0.07657021877
12.98	0.07268877911
12.99	0.07163020466
12.99	0.07762879323
13.00	0.07621736062
13.00	0.08151023289
13.01	0.07939308398
13.01	0.07374735356
13.02	0.07974594213
13.02	0.07727593507
13.03	0.07515878617
13.03	0.08398023994
13.04	0.08398023994
13.04	0.08256880734
13.05	0.08256880734
13.05	0.08997882851
13.06	0.09491884263
13.06	0.1026817219
13.07	0.1093860268
13.07	0.109738885
13.08	0.128440367
13.08	0.1411432604
13.09	0.1580804517
13.10	0.1676076217
13.10	0.1743119266
13.10	0.1637261821
13.11	0.1669019054
13.11	0.1672547636
13.12	0.1665490473
13.12	0.1538461538
13.13	0.1436132675
13.14	0.1379675371
13.14	0.1517290049
13.14	0.1566690191
13.15	0.1573747354
13.15	0.1760762174
13.16	0.1968948483
13.17	0.2201834862
13.17	0.247706422
13.18	0.2508821454
13.18	0.2600564573
13.19	0.2628793225
13.19	0.2544107269
13.19	0.247706422
13.20	0.252293578
13.21	0.2519407198
13.21	0.2431192661
13.22	0.2459421313
13.22	0.263937897
13.23	0.294283698
13.23	0.3143966126
13.23	0.3383909668
13.24	0.3419195483
13.25	0.3743824982
13.25	0.3821453776
13.26	0.3736767819
13.26	0.3560338744
13.27	0.3465067043
13.27	0.3313338038
13.28	0.3348623853
13.28	0.3440366972
13.29	0.3712067749
13.29	0.3909668313
13.30	0.4269583627
13.30	0.4544812985
13.31	0.4749470713
13.31	0.4908256881
13.32	0.4901199718
13.32	0.4788285109
13.33	0.4721242061
13.33	0.44848271
13.34	0.4223712068
13.34	0.4110797459
13.35	0.4131968948
13.35	0.4227240649
13.36	0.4453069866
13.36	0.4809456598
13.37	0.525758645
13.37	0.5719830628
13.38	0.5857445307
13.38	0.5832745236
13.39	0.5889202541
13.39	0.5825688073
13.40	0.5656316161
13.40	0.5409315455
13.41	0.5398729711
13.41	0.5501058574
13.42	0.5681016231
13.42	0.5790402258
13.43	0.6132674665
13.43	0.6598447424
13.44	0.6880733945
13.44	0.705716302
13.45	0.7187720536
13.45	0.7152434721
13.46	0.7198306281
13.46	0.6958362738
13.47	0.6630204658
13.47	0.6633733239
13.48	0.6556104446
13.48	0.6778405081
13.49	0.7071277347
13.49	0.7332392378
13.50	0.7755822159
13.50	0.8002822865
13.51	0.820042343
13.51	0.834156669
13.52	0.841213832
13.52	0.8330980946
13.53	0.8147494707
13.53	0.7865208186
13.54	0.7762879323
13.54	0.773465067
13.55	0.7784050812
13.55	0.7995765702
13.56	0.8338038109
13.56	0.8595624559
13.57	0.8775582216
13.57	0.8906139732
13.58	0.8976711362
13.58	0.8934368384
13.59	0.878616796
13.59	0.857445307
13.60	0.8475652788
13.60	0.8588567396
13.61	0.8655610445
13.61	0.8666196189
13.62	0.876146789
13.62	0.8941425547
13.63	0.9170783345
13.63	0.9537755822
13.64	0.9685956246
13.64	0.9798870854
13.65	0.9848270995
13.65	0.9848270995
13.66	0.974241355
13.66	0.9573041637
13.67	0.9326040932
13.67	0.9142554693
13.68	0.9237826394
13.68	0.9124911785
13.69	0.9311926606
13.69	0.9495412844
13.70	0.969654199
13.70	0.9925899788
13.71	0.9968242766
13.71	0.9844742414
13.72	1
13.72	0.9985885674
13.73	0.9703599153
13.73	0.9527170078
13.74	0.9304869442
13.74	0.9386026817
13.75	0.9382498236
13.75	0.9456598447
13.76	0.9400141143
13.76	0.9460127029
13.77	0.9431898377
13.77	0.9449541284
13.78	0.9304869442
13.78	0.9333098095
13.79	0.9223712068
13.79	0.9139026112
13.80	0.9075511644
13.80	0.9093154552
13.81	0.9001411433
13.81	0.9220183486
13.82	0.9343683839
13.82	0.9297812279
13.83	0.9241354975
13.83	0.9153140438
13.84	0.9079040226
13.84	0.9290755116
13.85	0.9142554693
13.85	0.8906139732
13.86	0.8754410727
13.86	0.8567395907
13.87	0.8630910374
13.87	0.8726182075
13.88	0.8475652788
13.88	0.8214537756
13.89	0.8034580099
13.89	0.8023994354
13.90	0.8288637968
13.90	0.8165137615
13.91	0.8009880028
13.91	0.7752293578
13.92	0.7766407904
13.92	0.7914608327
13.93	0.7956951306
13.93	0.7815808045
13.94	0.7720536344
13.94	0.7618207481
13.95	0.778052223
13.96	0.7822865208
13.96	0.7635850388
13.96	0.7537050106
13.97	0.7364149612
13.97	0.7353563867
13.98	0.7272406493
13.98	0.7134791814
13.99	0.6972477064
14.00	0.6947776994
14.00	0.6679604799
14.00	0.6527875794
14.01	0.6485532816
14.01	0.6485532816
14.02	0.6499647142
14.03	0.6333803811
14.03	0.6319689485
14.04	0.6422018349
14.04	0.6319689485
14.05	0.6033874382
14.05	0.605151729
14.05	0.5896259704
14.06	0.5938602682
14.07	0.5783345095
14.07	0.5670430487
14.08	0.5635144672
14.08	0.5744530699
14.09	0.5469301341
14.09	0.5479887085
14.10	0.5395201129
14.10	0.5296400847
14.11	0.5098800282
14.11	0.5067043049
14.12	0.4961185603
14.12	0.495412844
14.13	0.481298518
14.13	0.4661256175
14.14	0.4615384615
14.14	0.45800988
14.15	0.4558927311
14.15	0.4446012703
14.16	0.4534227241
14.16	0.4467184192
14.17	0.450952717
14.17	0.4456598447
14.18	0.439308398
14.18	0.4311926606
14.19	0.4262526464
14.19	0.3980239944
14.20	0.4015525759
14.20	0.3920254058
14.21	0.3789696542
14.21	0.3839096683
14.22	0.376146789
14.22	0.3740296401
14.23	0.3888496824
14.23	0.3800282287
14.24	0.3722653493
14.24	0.3779110797
14.25	0.3648553282
14.25	0.3592095977
14.26	0.3549752999
14.26	0.3309809457
14.27	0.3256880734
14.27	0.3211009174
14.28	0.3087508821
14.28	0.3045165843
14.29	0.3006351447
14.29	0.2995765702
14.30	0.3055751588
14.30	0.292166549
14.31	0.2893436838
14.31	0.2861679605
14.32	0.282639379
14.32	0.2815808045
14.33	0.2692307692
14.33	0.254763585
14.34	0.2540578687
14.34	0.2544107269
14.35	0.2565278758
14.35	0.2515878617
14.36	0.2424135498
14.36	0.2491178546
14.37	0.2519407198
14.37	0.2427664079
14.38	0.2388849682
14.38	0.2371206775
14.39	0.236062103
14.39	0.240649259
14.40	0.236062103
14.40	0.2275935074
14.41	0.22900494
14.41	0.2205363444
14.42	0.2106563162
14.42	0.210303458
14.43	0.2067748765
14.43	0.2039520113
14.44	0.2053634439
14.44	0.2021877205
14.45	0.1993648553
14.45	0.1997177135
14.46	0.2021877205
14.46	0.1968948483
14.47	0.1968948483
14.47	0.1940719831
14.48	0.196189132
14.48	0.2025405787
14.49	0.1958362738
14.49	0.1930134086
14.50	0.1891319689
14.50	0.1884262526
14.51	0.1958362738
14.51	0.1997177135
14.52	0.1983062809
14.52	0.2000705716
14.53	0.1947776994
14.53	0.1919548342
14.54	0.1852505293
14.54	0.1746647848
14.55	0.1764290755
14.55	0.1693719125
14.56	0.1700776288
14.56	0.1721947777
14.57	0.1711362032
14.57	0.1714890614
14.58	0.1679604799
14.58	0.1609033169
14.59	0.1559633028
14.59	0.1527875794
14.60	0.1527875794
14.60	0.1563161609
14.61	0.1566690191
14.61	0.1637261821
14.62	0.158786168
14.62	0.1651376147
14.63	0.1672547636
14.63	0.1605504587
14.64	0.1700776288
14.64	0.1679604799
14.65	0.1665490473
14.65	0.1637261821
14.66	0.1644318984
14.66	0.1679604799
14.67	0.1736062103
14.67	0.1570218772
14.68	0.1534932957
14.68	0.1559633028
14.69	0.1665490473
14.69	0.1573747354
14.70	0.1474947071
14.70	0.1429075512
14.71	0.1485532816
14.71	0.1489061397
14.72	0.147141849
14.72	0.1489061397
14.73	0.1527875794
14.73	0.1545518701
14.74	0.1531404375
14.74	0.1556104446
14.75	0.1538461538
14.75	0.1503175723
14.76	0.1432604093
14.76	0.1383203952
14.77	0.1397318278
14.77	0.1383203952
14.78	0.1365561044
14.78	0.1277346507
14.79	0.1365561044
14.79	0.1337332392
14.80	0.1464361327
14.80	0.1443189838
14.81	0.1453775582
14.82	0.147141849
14.82	0.1570218772
14.82	0.1513761468
14.83	0.1492589979
14.83	0.1446718419
14.84	0.1506704305
14.84	0.1450247001
14.85	0.1422018349
14.86	0.1436132675
14.86	0.1372618207
14.86	0.1351446718
14.87	0.1326746648
14.87	0.1273817925
14.88	0.1362032463
14.89	0.1337332392
14.89	0.1312632322
14.90	0.1305575159
14.90	0.1379675371
14.91	0.1422018349
14.91	0.142554693
14.91	0.1379675371
14.92	0.1386732534
14.93	0.1365561044
14.93	0.147141849
14.94	0.1499647142
14.94	0.1489061397
14.95	0.1489061397
14.95	0.149611856
14.96	0.1552575865
14.96	0.1513761468
14.97	0.1454363679
14.97	0.1376146789
14.98	0.1314396613
