       12.5412375662001612       -0.0000034140373093
       12.5412375662002376       -0.0037216808157308
       12.5412539011551889       -0.0000000000000001
       12.6267394834529139       -0.0083284258042857
       12.6267394834529547       -0.0000201076910641
       12.6712176501289342        0.0097172317321459
       12.6712176501289466        0.0004075093632588
       12.7120723933095974        0.0133606462738843
       12.7120723933114501        0.0000008301306775
       12.7563376453820307        0.0216238258847973
       12.7563379284910976       -0.0000000000044397
       12.7972334264754792       -0.0177209063816068
       12.8005459351449939        0.0177984915202202
       12.8412896051422685        0.0344368227732974
       12.8822195313159060       -0.0205752458843828
       12.8852808780616304       -0.0393488748717886
       12.9260706400510550        0.0453006258891783
       12.9292242880911363       -0.0262875833739139
       12.9670274550551756       -0.0215438999288433
       12.9698488229655808        0.0622640461501121
       13.0106776544276830       -0.0521047891274569
       13.0135712866800439        0.0578358644107670
       13.0516540003920944       -0.0206939443294246
       13.0542469849979952        0.0813146712269988
       13.0572550823557876        0.0331686371415712
       13.0951079885462853        0.0539749588289909
       13.0977527324516370        0.0910060464256642
       13.1380939736884326       -0.0862161703253153
       13.1408915908097850       -0.0823934573008705
       13.1614934779510371       -0.0031893471974269
       13.1810084185863197        0.1183323284663074
       13.1839038397538726       -0.0626192318655573
       13.2232574881761593        0.1316138986764807
       13.2264338248301279        0.0702321953405662
       13.2658130888218100       -0.1591562111566993
       13.2735575742113117        0.0328931934382518
       13.3081020320718988       -0.1755025192937247
       13.3294567768808783        0.0200020039816568
       13.3502915648678471        0.1879862544959928
       13.3909037446874262        0.1566456997506469
       13.3942395535027536        0.1238628411794360
       13.4340735960318050        0.2089224509045569
       13.4720588798386078        0.0901424310019092
       13.4767327467639912        0.1981413529650424
       13.5177155869393655        0.2228260222075875
       13.5591998859032881        0.2255214442037614
       13.5739834641025574       -0.0365762945479396
       13.6011988595990712        0.2289434301154703
       13.6426571492171593        0.2295893310256052
       13.6840713390822550        0.2275331322699079
       13.7154551069342610        0.0511516207824267
       13.7260986645006184       -0.2195926859856417
       13.7671180115473710        0.2188684563540799
       13.8083981020373745       -0.2120772791811204
       13.8496327246999957        0.2037755295820256
       13.8908119796287242       -0.1943197118365525
       13.9319244766527728       -0.1838413318907206
       13.9729593140977641        0.1726270959777747
       14.0139059886318069        0.1608704639862659
       14.0547277886711051        0.1487345635470191
       14.0953485399417815        0.1363755679234294
       14.1355656219708834       -0.1237344504424943
       14.1747605102946093       -0.1102261879042494
       14.2109444967033607       -0.0939246396368725
       14.2416047158802765       -0.0810391367000154
       14.2735940814057276       -0.0809702694256229
       14.3112548024311081        0.0764114517250599
       14.3515928271895952        0.0685692224534107
       14.3931092812837562        0.0602352553840726
       14.4353536061551129       -0.0522061392750665
       14.4781805915747555        0.0447317730214943
       14.5215389901900132       -0.0379067512219824
       14.5654114277125668       -0.0317665640182657
       14.6097934490059114        0.0263164512287374
       14.6546845869142111        0.0215422702008546
       14.7000866670348049        0.0174158003431905
       14.7460024382810673        0.0138975518870525
       14.7924353458053712        0.0109398191281891
       14.8393897908608778        0.0084893240274129
       14.8868719023703218        0.0064895352754140
       14.9348895436023099       -0.0048830482142028
       14.9834532825587043       -0.0036135604007255
       15.0325772615640663        0.0026275277872710
       15.0822804525629817        0.0018754225492955
       15.1325878738167177       -0.0013126440050209
       15.1835329946809292        0.0009000232550022
       15.2351601741275839       -0.0006039972011294
       15.2875275219822413        0.0003965073863611
       15.3407091815386298        0.0002546674655764
       15.3947943400787146       -0.0001602703177986
       15.4498758752239134        0.0000991965129123
       15.5060198947268741       -0.0000607841078548
       15.5632148820551794        0.0000372111455019
       15.6213288832311132       -0.0000229492664155
       15.6801425013439921        0.0000142995505552
       15.7394703921473500       -0.0000089610023266
       15.7992657127478413       -0.0000055985319709
       15.8596267583723911       -0.0000034599998206
       15.9207315999727150       -0.0000021078728005
       15.9827447780043048        0.0000012684221854
       16.0457204493215215        0.0000007588561553
       16.1095525381343876        0.0000004545078064
       16.1740459430357397        0.0000002730970350
       16.2390754476805022       -0.0000001639477531
       16.3046734286351587       -0.0000000977429011
       16.3709754582384939        0.0000000577128254
       16.4380938828966023        0.0000000338281541
       16.5060230643223349       -0.0000000197740193
       16.5746649736262555       -0.0000000115496278
       16.6439550779465364        0.0000000067240949
       16.7139341706613038       -0.0000000038886359
       16.7846850704252049        0.0000000022329254
       16.8562268769313057       -0.0000000012761976
       16.9285025289857458        0.0000000007271664
       17.0014694865634475       -0.0000000004125942
       17.0751525249966889        0.0000000002327378
       17.1495880500622242        0.0000000001305642
       17.2247690970427918        0.0000000000729402
       17.3006841183680535       -0.0000000000405740
       17.3773637383919421        0.0000000000224482
       17.4548359833417841        0.0000000000123507
       17.5330755046796583        0.0000000000067614
       17.6120477597709346        0.0000000000036836
       17.6917622750313726       -0.0000000000019968
       17.7722439522932731        0.0000000000010771
       17.8534960631002733        0.0000000000005780
       17.9355101126355656        0.0000000000003086
       18.0182821488880904        0.0000000000001639
       18.1018221973502236        0.0000000000000867
       18.1861421599226460       -0.0000000000000456
       18.2712425634163509        0.0000000000000238
       18.3571512618145078        0.0000000000000124
       18.4439058270400444       -0.0000000000000064
       18.5314560963794470        0.0000000000000033
       18.6196893399649035        0.0000000000000017
       18.7086567543580777        0.0000000000000009
       18.7986469625140273        0.0000000000000004
       18.8897643320198441        0.0000000000000002
       18.9816228405149161        0.0000000000000001
       19.0737465798515835        0.0000000000000001
       19.1664378383443754       -0.0000000000000000
       19.2606416915595773       -0.0000000000000000
       19.3556433233951211        0.0000000000000000
       19.4514573472249346       -0.0000000000000000
       19.5517619139415402        0.0000000000000000
       19.6529338807978711        0.0000000000000000
       19.7438717429931536        0.0000000000000000
       19.8400770367225441        0.0000000000000000
       19.9466266901034679        0.0000000000000000
       20.0502230458985551        0.0000000000000000
       20.1517102792469061        0.0000000000000000
       20.2546989951030625        0.0000000000000000
       20.3588161240754282        0.0000000000000000
       20.4644118689703092        0.0000000000000000
       20.5715957554414501        0.0000000000000000
       20.6805226982712824        0.0000000000000000
       20.7902120581010124        0.0000000000000000
       20.9020316511656681        0.0000000000000000
       21.0113787199070110        0.0000000000000000
       21.1290109159691326        0.0000000000000000
       21.2269781076063602       -0.0000000000000000
       21.3541945607259471        0.0000000000000000
       21.4472619211576045        0.0000000000000000
       21.5853578093093574        0.0000000000000000
       21.7100493127892662       -0.0000000000000000
       21.8492943196627358        0.0000000000000000
       22.0046559300866278        0.0000000000000000
       22.1382720579043486        0.0000000000000000
       22.2396528687094381        0.0000000000000000
       22.3294726397431411        0.0000000000000000
       22.4699261709202105        0.0000000000000000
       22.6201124506970679        0.0000000000000000
       22.7122398728211259        0.0000000000000000
       22.8375339289940733        0.0000000000000000
       22.9715285198889703       -0.0000000000000000
       23.0865808857535626        0.0000000000000000
       23.2146792856252233        0.0000000000000000
       23.3463574504385569        0.0000000000000000
       23.4754548693452172        0.0000000000000000
       23.6061922903326078       -0.0000000000000000
       23.7353060797361834        0.0000000000000000
       23.8617131402616423        0.0000000000000000
       23.9834281757613574        0.0000000000000000
       24.1028394956723666        0.0000000000000000
       24.2263059388755480        0.0000000000000000
       24.3554616408538323        0.0000000000000000
       24.4883568105565956        0.0000000000000000
       24.6229569638174688        0.0000000000000000
       24.7581807677462926        0.0000000000000000
       24.8936076249716933        0.0000000000000000
       25.0291477046221225        0.0000000000000000
       25.1648494334510886        0.0000000000000000
       25.3008004766461809        0.0000000000000000
       25.4370871945585755        0.0000000000000000
       25.5737795072659431        0.0000000000000000
       25.7109262816558442        0.0000000000000000
       25.8485585006434881        0.0000000000000000
       25.9866956874600952        0.0000000000000000
       26.1253504254926909        0.0000000000000000
       26.2645302354271379        0.0000000000000000
       26.4042385660095640        0.0000000000000000
       26.5444758580689992        0.0000000000000000
       26.6852406043529093        0.0000000000000000
       26.8265301369446973        0.0000000000000000
       26.9683410623196416        0.0000000000000000
       27.1106694409577216        0.0000000000000000
       27.2535108536667146        0.0000000000000000
       27.3968604451859541        0.0000000000000000
       27.5407129732949052        0.0000000000000000
       27.6850628607859726        0.0000000000000000
       27.8299042446212432        0.0000000000000000
       27.9752310277216338        0.0000000000000000
       28.1210369550601094        0.0000000000000000
       28.2673157545590499        0.0000000000000000
       28.4140614085896175       -0.0000000000000000
       28.5612686605758235        0.0000000000000000
       28.7089339184304606        0.0000000000000000
       28.8570567887368590        0.0000000000000000
       29.0056425376009059        0.0000000000000000
       29.1547057588049654        0.0000000000000000
       29.3042753111669967        0.0000000000000000
       29.4544000004601152        0.0000000000000000
       29.6051534380711203        0.0000000000000000
       29.7566352142162316        0.0000000000000000
       29.9089646336826291        0.0000000000000000
       30.0622635652535415        0.0000000000000000
       30.2166263356527622        0.0000000000000000
       30.3720749581265999        0.0000000000000000
       30.5284931335141572        0.0000000000000000
       30.6855168127627920        0.0000000000000000
       30.8423278295538665        0.0000000000000000
       30.9972823216629934        0.0000000000000000
       31.1476729996797452        0.0000000000000000
       31.2918895368313486        0.0000000000000000
       31.4351761020581044        0.0000000000000000
       31.5858032483915956        0.0000000000000000
       31.7449785874362753        0.0000000000000000
       31.9097045499565368        0.0000000000000000
       32.0767841742482105        0.0000000000000000
       32.2422193789017726        0.0000000000000000
       32.3983967985227039        0.0000000000000000
       32.5392570078720027        0.0000000000000000
       32.6842896516522075        0.0000000000000000
       32.8479506195930284        0.0000000000000000
       33.0212815179056420        0.0000000000000000
       33.1920666765754788        0.0000000000000000
       33.3390918576547861        0.0000000000000000
       33.4730491362481004        0.0000000000000000
       33.6395457721185309        0.0000000000000000
       33.8223764078098341        0.0000000000000000
       33.9940939820601429        0.0000000000000000
       34.1210412717074263        0.0000000000000000
       34.2749258759205802       -0.0000000000000000
       34.4655633677017050       -0.0000000000000000
       34.6457411402908377        0.0000000000000000
       34.7566684865018303        0.0000000000000000
       34.9210432197563136        0.0000000000000000
       35.1229068263908388        0.0000000000000000
       35.2831821236315548        0.0000000000000000
       35.4002908739440016        0.0000000000000000
       35.5984074027966386        0.0000000000000000
       35.7780135032192277        0.0000000000000000
       35.8806559888318972        0.0000000000000000
       36.0811656985545852        0.0000000000000000
       36.2816650447358171        0.0000000000000000
       36.3759519985232487        0.0000000000000000
       36.5749694357378985        0.0000000000000000
       36.7715872290317591        0.0000000000000000
       36.8669390382970477        0.0000000000000000
       37.0817105724776539        0.0000000000000000
       37.2485961333065134        0.0000000000000000
       37.3745474511787421        0.0000000000000000
       37.5932734550860062        0.0000000000000000
       37.7121935622184168        0.0000000000000000
       37.8960883841136038        0.0000000000000000
       38.0517725350796354       -0.0000000000000000
       38.2010904481068749        0.0000000000000000
       38.3831151801257988        0.0000000000000000
       38.5350820806993895        0.0000000000000000
       38.7098059548013254        0.0000000000000000
       38.8790558292440807        0.0000000000000000
       38.9978142745070429       -0.0000000000000000
       39.2553650299153745        0.0000000000000000
       39.3595500610190143        0.0000000000000000
       39.5879651706560409       -0.0000000000000000
       39.6895127119767608        0.0000000000000000
       39.8646730220542693        0.0000000000000000
       40.0465065676209022        0.0000000000000000
       40.1760861776042901       -0.0000000000000000
       40.3578831036737000        0.0000000000000000
       40.4693042854687590        0.0000000000000000
       40.6226460323007359       -0.0000000000000000
       40.8578358892291362        0.0000000000000000
       41.0001221978918053        0.0000000000000000
       41.1148458368188017        0.0000000000000000
       41.3407555628162484        0.0000000000000000
       41.4288252223570979        0.0000000000000000
       41.6794919605009682       -0.0000000000000000
       41.8196491219219624        0.0000000000000000
       41.9349940902876028        0.0000000000000000
       42.2149417054852449       -0.0000000000000000
       42.3573533464842171        0.0000000000000000
       42.5094999237141096        0.0000000000000000
       42.6392462433590111        0.0000000000000000
       42.8379312175147149        0.0000000000000000
       42.9596190080729343        0.0000000000000000
       43.0855140624875688        0.0000000000000000
       43.1756208525740703        0.0000000000000000
       43.5008087002553978        0.0000000000000000
       43.6093025318083320        0.0000000000000000
       43.7892912483460464        0.0000000000000000
       43.8557194956153964        0.0000000000000000
       44.0563124100685428        0.0000000000000000
       44.1761237104788123       -0.0000000000000000
       44.3440899761783101        0.0000000000000000
       44.5794446996147187       -0.0000000000000000
       44.6834067608165739        0.0000000000000000
       44.8168899230745765        0.0000000000000000
       44.9223591496005170        0.0000000000000000
       45.2615255080449046        0.0000000000000000
       45.3814927156024197        0.0000000000000000
       45.4630201138098471       -0.0000000000000000
       45.5583223158768078        0.0000000000000000
       45.9236660075125087        0.0000000000000000
       46.0670820486727877        0.0000000000000000
       46.1094015896072165        0.0000000000000000
       46.2520179735907391        0.0000000000000000
       46.3623745828050460        0.0000000000000000
       46.5044589843546703        0.0000000000000000
       46.6286073099357878        0.0000000000000000
       46.8215806780372077        0.0000000000000000
       47.0050094846630344        0.0000000000000000
       47.1645799654890894        0.0000000000000000
       47.1874704941020013        0.0000000000000000
       47.4981966760356329        0.0000000000000000
       47.6023890108512688       -0.0000000000000000
       47.8750024350829690        0.0000000000000000
       47.9103982114580802        0.0000000000000000
       48.0920677573338864        0.0000000000000000
       48.1252259171938519        0.0000000000000000
       48.1760753795068410        0.0000000000000000
       48.4379926471946689       -0.0000000000000000
       48.6153200408497170        0.0000000000000000
       48.6267418561639175        0.0000000000000000
       48.8672540231797541        0.0000000000000000
       49.0696188514398912        0.0000000000000000
       49.2553932239970251        0.0000000000000000
       49.3330743866579056        0.0000000000000000
       49.4039804141518601        0.0000000000000000
       49.5004654626641383        0.0000000000000000
       49.6436188309317075        0.0000000000000000
       49.8616566412409625        0.0000000000000000
       50.1215397941068161       -0.0000000000000000
       50.1880921523561909        0.0000000000000000
       50.2449913162037376        0.0000000000000000
       50.2931395988390406        0.0000000000000000
       50.4342449981002261        0.0000000000000000
       50.9002413880928444       -0.0000000000000000
       50.9075458290019114       -0.0000000000000000
       50.9583740147580286        0.0000000000000000
       51.1345073924330649       -0.0000000000000000
       51.1428315185781273        0.0000000000000000
       51.2210462059038818       -0.0000000000000000
       51.2587646792455160        0.0000000000000000
       51.3241281910489562       -0.0000000000000000
       51.3718617905578512        0.0000000000000000
       51.6869622351255416        0.0000000000000000
       51.7219270312911377        0.0000000000000000
       52.1018929748491431        0.0000000000000000
       52.4329615624200898        0.0000000000000000
       52.4938874914521705        0.0000000000000000
       52.5896404420312251       -0.0000000000000000
       52.7308403337587279        0.0000000000000000
       52.7402530351795278        0.0000000000000000
       52.8140406036903087        0.0000000000000000
       53.1278126021849246        0.0000000000000000
       53.1378039070070542        0.0000000000000000
       53.2436922131271544        0.0000000000000000
       53.6309675734606159        0.0000000000000000
       53.8400597050004066        0.0000000000000000
       54.2272568941343920        0.0000000000000000
       54.3486454464039923        0.0000000000000000
       54.4283159054844603        0.0000000000000000
       54.4821739816308650        0.0000000000000000
       54.6368012115545625        0.0000000000000000
       54.7091716775681860        0.0000000000000000
       54.9188168880393874       -0.0000000000000000
       54.9289683511591846        0.0000000000000000
       55.3185514891206935        0.0000000000000000
       55.3204166715344812        0.0000000000000000
       55.4083160893843285        0.0000000000000000
       55.4083844465212820        0.0000000000000000
       55.9889771862173049       -0.0000000000000000
       55.9890483010614517       -0.0000000000000000
       56.3427226866218689        0.0000000000000000
       56.3617153633579875        0.0000000000000000
       56.3862414763794249        0.0000000000000000
       56.4765272179329472        0.0000000000000000
       56.4772548631482394       -0.0000000000000000
       56.6809787707929686        0.0000000000000000
       56.6809797671561384       -0.0000000000000000
       56.7342700806836859        0.0000000000000000
       56.7345509589061550        0.0000000000000000
       56.9574478368730155        0.0000000000000000
       56.9574478368741453        0.0000000000000000
       57.7522541916806844       -0.0000000000000000
       57.7522541916808834        0.0000000000000000
       57.8931696211442244        0.0000000000000000
       57.8931696211442599        0.0000000000000000
       58.0578645554429542       -0.0000000000000000
       58.0578645554430253        0.0000000000000000
       58.5065256752744247        0.0000000000000000
       58.5065256752745171        0.0000000000000000
       58.7221124450695129       -0.0000000000000000
       58.7221124450695839        0.0000000000000000
       58.7990119918093157       -0.0000000000000000
       58.7990119918093512        0.0000000000000000
       59.5551826586246307        0.0000000000000000
       59.5551826586247586        0.0000000000000000
       59.5626402409606612        0.0000000000000000
       59.6098051748465281        0.0000000000000000
       59.6098051748466560        0.0000000000000000
       59.6615964083480605        0.0000000000000000
       59.6615964083480605       -0.0000000000000000
       60.9101102574372817       -0.0000000000000000
       60.9101102598813569        0.0000000000000000
       60.9101102598813995       -0.0000000000000000
       60.9299919650419781        0.0000000000000000
       60.9299919900292579        0.0000000000000000
       60.9299919900294142        0.0000000000000000
       61.1951205369663924        0.0000000000000000
       61.1951205369664066        0.0000000000000000
       61.1951205369665630       -0.0000000000000000
       61.5362685975767434       -0.0000000000000000
       61.5362685975767505        0.0000000000000000
       61.5362685975768713       -0.0000000000000000
       61.7494940760061652        0.0000000000000000
       61.7494940760062647        0.0000000000000000
       61.7494940760063216       -0.0000000000000000
       63.0082123318005713       -0.0000000000000000
       63.0082123340133009        0.0000000000000000
       63.0082123340133435       -0.0000000000000000
       63.0082123340133933        0.0000000000000000
       63.4291312756907928       -0.0000000000000000
       63.4291312757666432       -0.0000000000000000
       63.4291312757666788        0.0000000000000000
       63.4291312757668351       -0.0000000000000000
       63.7447446429057649       -0.0000000000000000
       63.7447446429059781        0.0000000000000000
       63.7447446429059852        0.0000000000000000
       63.7447446429059923        0.0000000000000000
       64.0645873317763801        0.0000000000000000
       64.0645873317764512       -0.0000000000000000
       64.0645873317764938        0.0000000000000000
       64.0645873317765933        0.0000000000000000
       65.0404722849307575        0.0000000000000000
       65.0404722849309991        0.0000000000000000
       65.0404722849310133       -0.0000000000000000
       65.0404722849312122        0.0000000000000000
       65.0404722849312265        0.0000000000000000
       66.3719716845331504        0.0000000000000000
       66.3719716845331504        0.0000000000000000
       66.3719716845331504       -0.0000000000000000
       66.3719716845331789       -0.0000000000000000
       66.3719716845333210       -0.0000000000000000
       66.6867577473849451        0.0000000000000000
       66.6867577473850872       -0.0000000000000000
       66.6867577473851441       -0.0000000000000000
       66.6867577473852577        0.0000000000000000
       66.6867577473853146        0.0000000000000000
       67.3672137734585732       -0.0000000000000000
       67.3672137831604090       -0.0000000000000000
       67.3672137831604516        0.0000000000000000
       67.3672137831605085        0.0000000000000000
       67.3672137831605369        0.0000000000000000
       67.3672137831606506        0.0000000000000000
       69.7683726849646320       -0.0000000000000000
       69.7683726849647030       -0.0000000000000000
       69.7683726849647883        0.0000000000000000
       69.7683726849648167        0.0000000000000000
       69.7683726849649162        0.0000000000000000
       69.7683726849650014        0.0000000000000000
       69.7683726849651435        0.0000000000000000
       70.1317629219748682       -0.0000000000000000
       70.1317629219748682       -0.0000000000000000
       70.1317629219749108       -0.0000000000000000
       70.1317629219749392        0.0000000000000000
       70.1317629219749392        0.0000000000000000
       70.1317629219749392        0.0000000000000000
       70.1317629219750529       -0.0000000000000000
       73.7005859202756426        0.0000000000000000
       73.7007930307051708        0.0000000000000000
       73.7007930307051708       -0.0000000000000000
       73.7007930307052561       -0.0000000000000000
       73.7007930307052561        0.0000000000000000
       73.7007930307053698        0.0000000000000000
       73.7007930307053840       -0.0000000000000000
       73.7007930307053982        0.0000000000000000
       73.7007930307054409        0.0000000000000000
       73.7007930307055403        0.0000000000000000
