                   500                   425
     12.5412375662002        0.372168238164268E-02     0.00000000000000    
     12.5412539011552        0.128397941518036E-15    0.131749579160089    
     12.6267394834530        0.832845007769947E-02     689.615713601790    
     12.6712176501289        0.972577279281020E-02     1048.35436692700    
     12.7120723933115        0.133606462996734E-01     1377.86829806548    
     12.7563379284911        0.216238258847973E-01     1734.89197205693    
     12.7972334264755        0.177209063816068E-01     2064.73461104996    
     12.8005459351450        0.177984915202202E-01     2091.45164972393    
     12.8412896051423        0.344368227732974E-01     2420.06972008695    
     12.8822195313159        0.205752458843828E-01     2750.19003964042    
     12.8852808780616        0.393488748717886E-01     2774.88133181806    
     12.9260706400511        0.453006258891783E-01     3103.87115714377    
     12.9292242880911        0.262875833739139E-01     3129.30690541104    
     12.9670274550552        0.215438999288433E-01     3434.20834855950    
     12.9698488229656        0.622640461501121E-01     3456.96409144088    
     13.0106776544277        0.521047891274569E-01     3786.26903159846    
     13.0135712866800        0.578358644107670E-01     3809.60762252988    
     13.0516540003921        0.206939443294246E-01     4116.76374997442    
     13.0542469849980        0.813146712269988E-01     4137.67746731331    
     13.0572550823558        0.331686371415712E-01     4161.93927655259    
     13.0951079885463        0.539749588289909E-01     4467.24189143205    
     13.0977527324516        0.910060464256642E-01     4488.57307340066    
     13.1380939736884        0.862161703253153E-01     4813.94535459604    
     13.1408915908098        0.823934573008705E-01     4836.50953548831    
     13.1614934779510        0.318934719742685E-02     5002.67405622607    
     13.1810084185863        0.118332328466307         5160.07180991994    
     13.1839038397539        0.626192318655573E-01     5183.42482934684    
     13.2232574881762        0.131613898676481         5500.83168069680    
     13.2264338248301        0.702321953405662E-01     5526.45042397938    
     13.2658130888218        0.159156211156699         5844.06387770429    
     13.2735575742113        0.328931934382518E-01     5906.52702461332    
     13.3081020320719        0.175502519293725         6185.14534948788    
     13.3294567768809        0.200020039816568E-01     6357.38204374471    
     13.3502915648678        0.187986254495993         6525.42502625360    
     13.3909037446874        0.156645699750647         6852.98256258842    
     13.3942395535028        0.123862841179436         6879.88752858844    
     13.4340735960318        0.208922450904557         7201.16899860651    
     13.4720588798386        0.901424310019092E-01     7507.53930515028    
     13.4767327467640        0.198141352965042         7545.23637883696    
     13.5177155869394        0.222826022207587         7875.78347627144    
     13.5591998859033        0.225521444203761         8210.37508956495    
     13.5739834641026        0.365762945479396E-01     8329.61203953116    
     13.6011988595991        0.228943430115470         8549.11781190829    
     13.6426571492172        0.229589331025605         8883.49964682298    
     13.6840713390823        0.227533132269908         9217.52579517991    
     13.7154551069343        0.511516207824267E-01     9470.65157479026    
     13.7260986645006        0.219592685985642         9556.49718834172    
     13.7671180115474        0.218868456354080         9887.33873194731    
     13.8083981020374        0.212077279181120         10220.2833017944    
     13.8496327247000        0.203775529582026         10552.8611508798    
     13.8908119796287        0.194319711836552         10884.9924315075    
     13.9319244766528        0.183841331890721         11216.5852762549    
     13.9729593140978        0.172627095977775         11547.5517576675    
     14.0139059886318        0.160870463986266         11877.8071611218    
     14.0547277886711        0.148734563547019         12207.0553893388    
     14.0953485399418        0.136375567923429         12534.6820587124    
     14.1355656219709        0.123734450442494         12859.0529338181    
     14.1747605102946        0.110226187904249         13175.1793055932    
     14.2109444967034        0.939246396368725E-01     13467.0212479729    
     14.2416047158803        0.810391367000154E-01     13714.3112457444    
     14.2735940814057        0.809702694256229E-01     13972.3214733899    
     14.3112548024311        0.764114517250599E-01     14276.0740188201    
     14.3515928271896        0.685692224534107E-01     14601.4203575097    
     14.3931092812838        0.602352553840726E-01     14936.2713180061    
     14.4353536061551        0.522061392750665E-01     15276.9929202560    
     14.4781805915748        0.447317730214943E-01     15622.4139711582    
     14.5215389901900        0.379067512219824E-01     15972.1211351895    
     14.5654114277126        0.317665640182657E-01     16325.9742800277    
     14.6097934490059        0.263164512287374E-01     16683.9374727692    
     14.6546845869142        0.215422702008546E-01     17046.0069455686    
     14.7000866670348        0.174158003431905E-01     17412.1974227812    
     14.7460024382811        0.138975518870525E-01     17782.5310757679    
     14.7924353458054        0.109398191281891E-01     18157.0356914052    
     14.8393897908609        0.848932402741294E-02     18535.7467680004    
     14.8868719023703        0.648953527541401E-02     18918.7137383798    
     14.9348895436023        0.488304821420280E-02     19306.0000237364    
     14.9834532825587        0.361356040072545E-02     19697.6908602892    
     15.0325772615641        0.262752778727096E-02     20093.9003129570    
     15.0822804525630        0.187542254929551E-02     20494.7813999587    
     15.1325878738167        0.131264400502086E-02     20900.5359060807    
     15.1835329946809        0.900023255002202E-03     21311.4337784110    
     15.2351601741276        0.603997201129426E-03     21727.8327942380    
     15.2875275219822        0.396507386361078E-03     22150.2016383598    
     15.3407091815386        0.254667465576429E-03     22579.1383135118    
     15.3947943400787        0.160270317798604E-03     23015.3621597169    
     15.4498758752239        0.991965129123347E-04     23459.6222814305    
     15.5060198947269        0.607841078548462E-04     23912.4518707316    
     15.5632148820552        0.372111455019002E-04     24373.7580410280    
     15.6213288832311        0.229492664155090E-04     24842.4765175125    
     15.6801425013440        0.142995505551981E-04     25316.8377544020    
     15.7394703921473        0.896100232659053E-05     25795.3468576764    
     15.7992657127478        0.559853197093975E-05     26277.6260159797    
     15.8596267583724        0.345999982060584E-05     26764.4680294645    
     15.9207315999727        0.210787280053700E-05     27257.3091293919    
     15.9827447780043        0.126842218535507E-05     27757.4764168057    
     16.0457204493215        0.758856155315391E-06     28265.4066938147    
     16.1095525381344        0.454507806364835E-06     28780.2444061349    
     16.1740459430357        0.273097035013546E-06     29300.4159633667    
     16.2390754476805        0.163947753128692E-06     29824.9114330791    
     16.3046734286352        0.977429010894283E-07     30353.9919484689    
     16.3709754582385        0.577128254131591E-07     30888.7509682346    
     16.4380938828966        0.338281541443588E-07     31430.0946223145    
     16.5060230643223        0.197740193259029E-07     31977.9774351038    
     16.5746649736263        0.115496278038516E-07     32531.6087545945    
     16.6439550779465        0.672409488205138E-08     33090.4680909898    
     16.7139341706613        0.388863586750253E-08     33654.8844632807    
     16.7846850704252        0.223292537228746E-08     34225.5258453265    
     16.8562268769313        0.127619762952052E-08     34802.5462857014    
     16.9285025289857        0.727166399789165E-09     35385.4855573465    
     17.0014694865634        0.412594180008019E-09     35974.0005536895    
     17.0751525249967        0.232737757519783E-09     36568.2911001728    
     17.1495880500622        0.130564183959383E-09     37168.6508275889    
     17.2247690970428        0.729401617099704E-10     37775.0235620106    
     17.3006841183681        0.405739801099628E-10     38387.3161665095    
     17.3773637383919        0.224482488241124E-10     39005.7756418122    
     17.4548359833418        0.123507207909248E-10     39630.6280334551    
     17.5330755046797        0.676142321946006E-11     40261.6688928058    
     17.6120477597709        0.368358657649234E-11     40898.6196162445    
     17.6917622750314        0.199677209981376E-11     41541.5570390775    
     17.7722439522933        0.107707055841976E-11     42190.6820070334    
     17.8534960631003        0.578041481946712E-12     42846.0209067472    
     17.9355101126356        0.308611069713047E-12     43507.5052232741    
     18.0182821488881        0.163946283612555E-12     44175.1030816689    
     18.1018221973502        0.866621356603400E-13     44848.8953425402    
     18.1861421599226        0.455726124513437E-13     45528.9780006681    
     18.2712425634164        0.238428994288088E-13     46215.3553050466    
     18.3571512618145        0.124103566433888E-13     46908.2519119769    
     18.4439058270400        0.642358616159517E-14     47607.9708578035    
     18.5314560963794        0.330528489084566E-14     48314.1075551604    
     18.6196893399649        0.169261929600425E-14     49025.7527812989    
     18.7086567543581        0.863598663369436E-15     49743.3194620871    
     18.7986469625140        0.438282900648985E-15     50469.1354859689    
     18.8897643320198        0.220519784048971E-15     51204.0426297180    
     18.9816228405149        0.110098439824122E-15     51944.9274299850    
     19.0737465798516        0.548293435618436E-16     52687.9514496049    
     19.1664378383444        0.273458122264558E-16     53435.5527949785    
     19.2606416915596        0.135237201048567E-16     54195.3539730858    
     19.3556433233951        0.660371798164986E-17     54961.5896346553    
     19.4514573472249        0.324876173253873E-17     55734.3776438547    
     19.5517619139415        0.156580148547403E-17     56543.3841267075    
     19.6529338807979        0.710627691862544E-18     57359.3866253872    
     19.7438717429932        0.344057029204491E-18     58092.8459529233    
     19.8400770367225        0.180933760409011E-18     58868.7897494977    
     19.9466266901035        0.822587842488514E-19     59728.1659788415    
     20.0502230458986        0.371397022984474E-19     60563.7223865068    
     20.1517102792469        0.174444551577464E-19     61382.2676670779    
     20.2546989951031        0.818664903069647E-20     62212.9231548157    
     20.3588161240754        0.379485217111145E-20     63052.6798585424    
     20.4644118689703        0.175628625303146E-20     63904.3623389920    
     20.5715957554415        0.804747968404056E-21     64768.8539753250    
     20.6805226982713        0.366014195714064E-21     65647.4042327190    
     20.7902120581010        0.166158406246117E-21     66532.1037644257    
     20.9020316511657        0.759400945781320E-22     67433.9846922887    
     21.0113787199070        0.346563894194603E-22     68315.9234752220    
     21.1290109159691        0.160151790124700E-22     69264.6859525610    
     21.2269781076064        0.824385202558405E-23     70054.8403367111    
     21.3541945607259        0.310679773086297E-23     71080.9046393471    
     21.4472619211576        0.264493308429295E-23     71831.5394349086    
     21.5853578093094        0.494983794977314E-24     72945.3518207966    
     21.7100493127893        0.703653769573357E-24     73951.0511421138    
     21.8492943196627        0.904363681207332E-25     75074.1317450518    
     22.0046559300866        0.149501129778561E-24     76327.2008139257    
     22.1382720579043        0.319486518134182E-25     77404.8816928395    
     22.2396528687094        0.145160432336530E-25     78222.5686223880    
     22.3294726397431        0.261376556134945E-25     78947.0099856603    
     22.4699261709202        0.896283034603688E-26     80079.8379413689    
     22.6201124506971        0.438583817632281E-26     81291.1653809092    
     22.7122398728211        0.315626272763470E-26     82034.2191040508    
     22.8375339289941        0.163744157159859E-26     83044.7783141137    
     22.9715285198890        0.815416677387000E-27     84125.5116869765    
     23.0865808857536        0.525090822417624E-27     85053.4665438573    
     23.2146792856252        0.289621818750426E-27     86086.6441880222    
     23.3463574504386        0.150307392786864E-27     87148.6944263242    
     23.4754548693452        0.860946996372042E-28     88189.9296585158    
     23.6061922903326        0.478860258803074E-28     89244.3923274896    
     23.7353060797362        0.260918791805355E-28     90285.7595959242    
     23.8617131402616        0.145635662738316E-28     91305.2957425923    
     23.9834281757614        0.835809892803980E-29     92286.9883614152    
     24.1028394956724        0.497123729600769E-29     93250.1003621575    
     24.2263059388755        0.295549921719691E-29     94245.9189598127    
     24.3554616408538        0.171375789689335E-29     95287.6242741186    
     24.4883568105566        0.974996530091511E-30     96359.4902653562    
     24.6229569638175        0.550016871952804E-30     97445.1078014818    
     24.7581807677463        0.309627233432755E-30     98535.7553920697    
     24.8936076249717        0.174634450016918E-30     99628.0407090212    
     25.0291477046221        0.988715691482789E-31     100721.239221442    
     25.1648494334511        0.561938341234442E-31     101815.741515312    
     25.3008004766462        0.320384581481118E-31     102912.254654202    
     25.4370871945586        0.183123570466711E-31     104011.475177524    
     25.5737795072659        0.104892898404404E-31     105113.967025665    
     25.7109262816558        0.601972388595051E-32     106220.124334507    
     25.8485585006435        0.346059256911571E-32     107330.196996752    
     25.9866956874601        0.199246226180264E-32     108444.342477021    
     26.1253504254927        0.114877127519686E-32     109562.662266623    
     26.2645302354271        0.663192292903127E-33     110685.217023650    
     26.4042385660096        0.383338774144536E-33     111812.034563962    
     26.5444758580690        0.221843652621864E-33     112943.118443067    
     26.6852406043529        0.128534301087775E-33     114078.456504220    
     26.8265301369447        0.745567326887875E-34     115218.027229339    
     26.9683410623196        0.432952075899060E-34     116361.803247951    
     27.1106694409577        0.251691785858644E-34     117509.752785856    
     27.2535108536667        0.146476339239375E-34     118661.840200061    
     27.3968604451860        0.853354706626318E-35     119818.026330459    
     27.5407129732949        0.497680807203328E-35     120978.268895922    
     27.6850628607860        0.290554536507526E-35     122142.522913481    
     27.8299042446212        0.169807461524239E-35     123310.741094805    
     27.9752310277216        0.993426350869617E-36     124482.874263901    
     28.1210369550601        0.581784845730155E-36     125658.871970849    
     28.2673157545590        0.341063698707778E-36     126838.683628208    
     28.4140614085896        0.200149191674675E-36     128022.260700792    
     28.5612686605758        0.117575356886656E-36     129209.560791686    
     28.7089339184305        0.691386775159011E-37     130400.554928913    
     28.8570567887369        0.406971847803373E-37     131595.239939369    
     29.0056425376009        0.239794017321644E-37     132793.658296832    
     29.1547057588050        0.141425395185018E-37     133995.927707453    
     29.3042753111670        0.834838597619472E-38     135202.280932029    
     29.4544000004601        0.493188741258057E-38     136413.111613523    
     29.6051534380711        0.291526040331408E-38     137629.013464575    
     29.7566352142162        0.172374372620141E-38     138850.789730073    
     29.9089646336826        0.101913835181448E-38     140079.402662779    
     30.0622635652535        0.602224487194277E-39     141315.835195364    
     30.2166263356528        0.355501014668355E-39     142560.848120019    
     30.3720749581266        0.209560736021717E-39     143814.618984582    
     30.5284931335142        0.123336060032097E-39     145076.209778170    
     30.6855168127628        0.724886345193842E-40     146342.684263150    
     30.8423278295539        0.425793519630409E-40     147607.443519079    
     30.9972823216630        0.250461431719650E-40     148857.228975185    
     31.1476729996797        0.148423198298334E-40     150070.204988729    
     31.2918895368313        0.902066515593962E-41     151233.383469125    
     31.4351761020581        0.568207578070563E-41     152389.061260962    
     31.5858032483916        0.356059392292045E-41     153603.944509714    
     31.7449785874363        0.215660454195330E-41     154887.773206779    
     31.9097045499565        0.127178004337058E-41     156216.370457486    
     32.0767841742482        0.738635434422868E-42     157563.951167211    
     32.2422193789018        0.425450063805557E-42     158898.268810344    
     32.3983967985227        0.244959188372498E-42     160157.917788297    
     32.5392570078720        0.150024856591933E-42     161294.025806804    
     32.6842896516522        0.998325448481746E-43     162463.786595213    
     32.8479506195930        0.620022610078171E-43     163783.794132140    
     33.0212815179056        0.361081227972672E-43     165181.794492480    
     33.1920666765755        0.203169019125763E-43     166559.262189731    
     33.3390918576548        0.114081874986587E-43     167745.093787727    
     33.4730491362481        0.799418910914212E-44     168825.526218221    
     33.6395457721185        0.519220749427350E-44     170168.404834834    
     33.8223764078098        0.296463045548096E-44     171643.025327002    
     33.9940939820601        0.157569634539648E-44     173028.013422118    
     34.1210412717074        0.961107247728600E-45     174051.906786768    
     34.2749258759206        0.723088718785933E-45     175293.063062049    
     34.4655633677017        0.416366231060997E-45     176830.649752010    
     34.6457411402908        0.209046400660146E-45     178283.873576828    
     34.7566684865018        0.130979846045434E-45     179178.558087693    
     34.9210432197563        0.104067692934381E-45     180504.322498757    
     35.1229068263908        0.565246357627188E-46     182132.453418067    
     35.2831821236316        0.254537201487704E-46     183425.153827962    
     35.4002908739440        0.224854526582244E-46     184369.694453607    
     35.5984074027966        0.138400814529064E-46     185967.603317068    
     35.7780135032192        0.603699537761331E-47     187416.216320027    
     35.8806559888319        0.507735143859987E-47     188244.079287736    
     36.0811656985546        0.336587905374518E-47     189861.290351504    
     36.2816650447358        0.146713315860323E-47     191478.417828129    
     36.3759519985232        0.109334615031691E-47     192238.889253901    
     36.5749694357379        0.787645198665147E-48     193844.064393756    
     36.7715872290318        0.318324108740142E-48     195429.885205568    
     36.8669390382970        0.287388338400175E-48     196198.945223197    
     37.0817105724777        0.176758309032162E-48     197931.185032131    
     37.2485961333065        0.713014225325518E-49     199277.200522996    
     37.3745474511787        0.734947555245620E-49     200293.060877294    
     37.5932734550860        0.355983140043691E-49     202057.195461808    
     37.7121935622184        0.221023292459351E-49     203016.345585885    
     37.8960883841136        0.164007753775607E-49     204499.549271880    
     38.0517725350796        0.687442429750141E-50     205755.219791497    
     38.2010904481069        0.698723987587849E-50     206959.543419018    
     38.3831151801258        0.359678567285926E-50     208427.663895117    
     38.5350820806994        0.205282450486028E-50     209653.352931693    
     38.7098059548013        0.171105089580042E-50     211062.588338262    
     38.8790558292441        0.634859107240243E-51     212427.673200580    
     38.9978142745070        0.717633222022962E-51     213385.519440849    
     39.2553650299154        0.339769073467979E-51     215462.795058594    
     39.3595500610190        0.245417759772551E-51     216303.099426961    
     39.5879651706560        0.961724981492778E-52     218145.381493738    
     39.6895127119768        0.953172034936819E-52     218964.413188261    
     39.8646730220543        0.612541564764088E-52     220377.168669191    
     40.0465065676209        0.363532133834509E-52     221843.747130958    
     40.1760861776043        0.181851135804402E-52     222888.871475279    
     40.3578831036737        0.138544331744601E-52     224355.154582492    
     40.4693042854688        0.111959584951369E-52     225253.822124260    
     40.6226460323007        0.787794326943054E-53     226490.599983334    
     40.8578358892291        0.235060626627605E-53     228387.523774390    
     41.0001221978918        0.326189957466309E-53     229535.133996908    
     41.1148458368188        0.185309279836341E-53     230460.437506674    
     41.3407555628162        0.402062025038983E-54     232282.512401706    
     41.4288252223571        0.989600205566129E-54     232992.838240733    
     41.6794919605010        0.465221423755096E-54     235014.590817233    
     41.8196491219220        0.216759910584954E-54     236145.028402674    
     41.9349940902876        0.245762526568820E-54     237075.343245027    
     42.2149417054852        0.633321430008316E-55     239333.260735403    
     42.3573533464842        0.902588253234905E-55     240481.881825880    
     42.5094999237141        0.445869111968839E-55     241709.020044528    
     42.6392462433590        0.266869368860183E-55     242755.488985624    
     42.8379312175147        0.625861109516323E-56     244357.982644677    
     42.9596190080729        0.137064155824363E-55     245339.455519424    
     43.0855140624876        0.114627369679320E-55     246354.862080805    
     43.1756208525741        0.829193780583581E-56     247081.618396248    
     43.5008087002554        0.298901478028878E-56     249704.420981722    
     43.6093025318083        0.221676392418891E-56     250579.477980112    
     43.7892912483460        0.168101445976499E-56     252031.176973347    
     43.8557194956154        0.128418468685664E-56     252566.954001698    
     44.0563124100685        0.462815230888641E-57     254184.836153220    
     44.1761237104788        0.730039311997468E-57     255151.174196679    
     44.3440899761783        0.140944736630170E-57     256505.906112678    
     44.5794446996147        0.269355667599821E-57     258404.159634554    
     44.6834067608166        0.795278495310486E-58     259242.665639178    
     44.8168899230746        0.153861360160702E-57     260319.274084370    
     44.9223591496005        0.451426339456773E-58     261169.936130915    
     45.2615255080449        0.468172471514216E-59     263905.482394948    
     45.3814927156024        0.383872682962489E-58     264873.077907503    
     45.4630201138098        0.159562528979445E-58     265530.637137745    
     45.5583223158768        0.206921918827753E-58     266299.297048516    
     45.9236660075125        0.470589177689283E-59     269245.976593404    
     46.0670820486728        0.262805816241321E-59     270402.698673382    
     46.1094015896072        0.360549922602495E-59     270744.026930789    
     46.2520179735907        0.353736250184701E-59     271894.299375808    
     46.3623745828050        0.242307116876724E-59     272784.380607426    
     46.5044589843547        0.129584232068730E-59     273930.362348125    
     46.6286073099358        0.303354683072671E-60     274931.680668099    
     46.8215806780372        0.758588222090565E-60     276488.107368521    
     47.0050094846630        0.169863256298121E-60     277967.552408362    
     47.1645799654891        0.403135569505066E-60     279254.568121464    
     47.1874704941020        0.323107050113209E-60     279439.191679992    
     47.4981966760356        0.838663481389929E-61     281945.353700377    
     47.6023890108513        0.117416517857530E-60     282785.716976833    
     47.8750024350830        0.403511889850090E-61     284984.480549974    
     47.9103982114581        0.107541169441635E-61     285269.965184327    
     48.0920677573339        0.401198974840707E-61     286735.220906588    
     48.1252259171939        0.132540754689233E-61     287002.658044939    
     48.1760753795068        0.213615377711125E-61     287412.784383224    
     48.4379926471947        0.161074779674013E-61     289525.278105761    
     48.6153200408497        0.750836395276450E-62     290955.512199285    
     48.6267418561639        0.493813428767741E-62     291047.634850702    
     48.8672540231798        0.187708237608857E-64     292987.485733768    
     49.0696188514399        0.373805884857052E-62     294619.659256100    
     49.2553932239970        0.156853132804222E-62     296118.022457960    
     49.3330743866579        0.192275052774475E-62     296744.559875401    
     49.4039804141519        0.128641605836650E-62     297316.452440154    
     49.5004654626641        0.272970755618938E-63     298094.652598930    
     49.6436188309317        0.190231726648918E-64     299249.256090692    
     49.8616566412410        0.219759709588970E-63     301007.840049741    
     50.1215397941068        0.296525996869183E-63     303103.927619181    
     50.1880921523562        0.864894221809628E-66     303640.705664641    
     50.2449913162037        0.169622804765432E-63     304099.625870653    
     50.2931395988390        0.211336413243632E-63     304487.965844248    
     50.4342449981002        0.912156167908204E-64     305626.051441989    
     50.9002413880928        0.445797053585591E-67     309384.545325475    
     50.9075458290019        0.620012741911875E-66     309443.459293627    
     50.9583740147580        0.699133299694230E-65     309853.414025843    
     51.1345073924331        0.126464160318093E-65     311274.017783481    
     51.1428315185781        0.235261224728978E-64     311341.156022904    
     51.2210462059039        0.797497650371587E-65     311971.996583530    
     51.2587646792455        0.203275938580180E-64     312276.214930267    
     51.3241281910490        0.179781817154740E-64     312803.404334717    
     51.3718617905579        0.439627506166903E-67     313188.399681556    
     51.6869622351255        0.692619502149163E-67     315729.842317217    
     51.7219270312911        0.402638455922463E-65     316011.850880691    
     52.1018929748491        0.274464124600147E-65     319076.466198458    
     52.4329615624201        0.156215414199927E-65     321746.699891511    
     52.4938874914522        0.916533445112794E-66     322238.097972119    
     52.5896404420312        0.916345228032346E-67     323010.393395015    
     52.7308403337587        0.162967854577623E-66     324149.241121743    
     52.7402530351795        0.967914226357941E-67     324225.159265052    
     52.8140406036903        0.108958799600386E-68     324820.292898876    
     53.1278126021849        0.279342753767402E-66     327351.020952735    
     53.1378039070071        0.133839738555326E-66     327431.605821777    
     53.2436922131272        0.438196508953060E-68     328285.647954789    
     53.6309675734606        0.962895704004094E-67     331409.217373559    
     53.8400597050004        0.421474344926008E-67     333095.649960493    
     54.2272568941344        0.243729685383473E-67     336218.588889453    
     54.3486454464040        0.786388022020932E-70     337197.648257783    
     54.4283159054845        0.252721610269532E-68     337840.230345497    
     54.4821739816309        0.171234047119478E-68     338274.622658656    
     54.6368012115546        0.366246799844195E-82     339521.768581605    
     54.7091716775682        0.328976315206905E-68     340105.472575238    
     54.9188168880394        0.166430868661370E-69     341796.366020294    
     54.9289683511592        0.501179556583256E-68     341878.242646086    
     55.3185514891207        0.138459845073949E-68     345020.425445315    
     55.3204166715345        0.135539264712893E-81     345035.469074073    
     55.4083160893843        0.181555572277405E-68     345744.421828741    
     55.4083844465213        0.798209508686258E-80     345744.973163229    
     55.9889771862173        0.432487837135748E-71     350427.743905248    
     55.9890483010615        0.331515501468241E-82     350428.317482023    
     56.3427226866219        0.208736311882908E-69     353280.878238761    
     56.3617153633580        0.126749244483822E-83     353434.063672976    
     56.3862414763794        0.223917049691873E-70     353631.879037550    
     56.4765272179329        0.229416233498652E-82     354360.078686050    
     56.4772548631482        0.526162167557571E-70     354365.947508534    
     56.6809797671561        0.112481386124895E-69     356009.090721810    
     56.7342700806837        0.407415518876795E-83     356438.903745566    
     56.7345509589062        0.569754929622507E-71     356441.169168870    
     56.9574478368741        0.329528837656960E-70     358238.943938120    
     57.7522541916809        0.178744003910402E-72     364649.454592814    
     57.8931696211443        0.665479568955746E-71     365786.007989151    
     58.0578645554430        0.569088562743884E-71     367114.354981738    
     58.5065256752745        0.458281499908059E-72     370733.031243739    
     58.7221124450696        0.130914332542561E-72     372471.846335521    
     58.7990119918094        0.517124276528882E-72     373092.079629750    
     59.5551826586248        0.237958887433235E-72     379190.974142950    
     59.5626402409607        0.116989299836543E-90     379251.123273280    
     59.6098051748467        0.142005356053398E-72     379631.532047538    
     59.6615964083481        0.585548700952526E-74     380049.254241343    
     60.9101102598814        0.369691163155532E-74     390119.142710885    
     60.9299919900294        0.335679592925354E-74     390279.498805394    
     61.1951205369666        0.716101291463338E-74     392417.893100716    
     61.5362685975769        0.225391080003953E-74     395169.422783568    
     61.7494940760063        0.133152639066264E-75     396889.192879841    
     63.0082123340134        0.158759289997920E-75     407041.384989797    
     63.4291312757668        0.183438035091087E-76     410436.306714509    
     63.7447446429060        0.199575288546083E-76     412981.886327170    
     64.0645873317766        0.204713565905613E-77     415561.577534256    
     65.0404722849312        0.233949587525505E-77     423432.577623925    
     66.3719716845333        0.778964859378746E-79     434171.786031416    
     66.6867577473853        0.183192769586834E-79     436710.693021348    
     67.3672137831607        0.199880933143091E-79     442198.911177894    
     69.7683726849651        0.712471975334074E-82     461565.458300398    
     70.1317629219751        0.764391875536799E-82     464496.382257002    
     73.7005859202756         0.00000000000000         493280.724149795    
     73.7007930307055        0.674546122360076E-85     493282.394598968    
