                   500                   425
     12.5412375662002        0.138509197498295E-04     0.00000000000000    
     12.5412539011552        0.164860313860691E-31    0.131749579160089    
     12.6267394834530        0.693630806967323E-04     689.615713601790    
     12.6712176501289        0.945906564173671E-04     1048.35436692700    
     12.7120723933115        0.178506869544975E-03     1377.86829806548    
     12.7563379284911        0.467589845896030E-03     1734.89197205693    
     12.7972334264755        0.314030522985671E-03     2064.73461104996    
     12.8005459351450        0.316786300395351E-03     2091.45164972393    
     12.8412896051423        0.118589476271950E-02     2420.06972008695    
     12.8822195313159        0.423340743202810E-03     2750.19003964042    
     12.8852808780616        0.154833395367567E-02     2774.88133181806    
     12.9260706400511        0.205214670595129E-02     3103.87115714377    
     12.9292242880911        0.691037039640474E-03     3129.30690541104    
     12.9670274550552        0.464139624144016E-03     3434.20834855950    
     12.9698488229656        0.387681144298329E-02     3456.96409144088    
     13.0106776544277        0.271490905001675E-02     3786.26903159846    
     13.0135712866800        0.334498721214062E-02     3809.60762252988    
     13.0516540003921        0.428239331909325E-03     4116.76374997442    
     13.0542469849980        0.661207575675491E-02     4137.67746731331    
     13.0572550823558        0.110015848982921E-02     4161.93927655259    
     13.0951079885463        0.291329618059126E-02     4467.24189143205    
     13.0977527324516        0.828210048603015E-02     4488.57307340066    
     13.1380939736884        0.743322802556378E-02     4813.94535459604    
     13.1408915908098        0.678868180599036E-02     4836.50953548831    
     13.1614934779510        0.101719355457345E-04     5002.67405622607    
     13.1810084185863        0.140025399602581E-01     5160.07180991994    
     13.1839038397539        0.392116819943243E-02     5183.42482934684    
     13.2232574881762        0.173222183248229E-01     5500.83168069680    
     13.2264338248301        0.493256126235545E-02     5526.45042397938    
     13.2658130888218        0.253306995497559E-01     5844.06387770429    
     13.2735575742113        0.108196217456625E-02     5906.52702461332    
     13.3081020320719        0.308011342784442E-01     6185.14534948788    
     13.3294567768809        0.400080163282214E-03     6357.38204374471    
     13.3502915648678        0.353388318794322E-01     6525.42502625360    
     13.3909037446874        0.245378752503698E-01     6852.98256258842    
     13.3942395535028        0.153420034250422E-01     6879.88752858844    
     13.4340735960318        0.436485904919670E-01     7201.16899860651    
     13.4720588798386        0.812565786693396E-02     7507.53930515028    
     13.4767327467640        0.392599957548175E-01     7545.23637883696    
     13.5177155869394        0.496514361728563E-01     7875.78347627144    
     13.5591998859033        0.508599217957503E-01     8210.37508956495    
     13.5739834641026        0.133782532285764E-02     8329.61203953116    
     13.6011988595991        0.524150941930372E-01     8549.11781190829    
     13.6426571492172        0.527112609207849E-01     8883.49964682298    
     13.6840713390823        0.517713262805554E-01     9217.52579517991    
     13.7154551069343        0.261648830866918E-02     9470.65157479026    
     13.7260986645006        0.482209477383886E-01     9556.49718834172    
     13.7671180115474        0.479034011868178E-01     9887.33873194731    
     13.8083981020374        0.449767723448669E-01     10220.2833017944    
     13.8496327247000        0.415244664564350E-01     10552.8611508798    
     13.8908119796287        0.377601504082408E-01     10884.9924315075    
     13.9319244766528        0.337976353113541E-01     11216.5852762549    
     13.9729593140978        0.298001142657198E-01     11547.5517576675    
     14.0139059886318        0.258793061831565E-01     11877.8071611218    
     14.0547277886711        0.221219703935223E-01     12207.0553893388    
     14.0953485399418        0.185982955264379E-01     12534.6820587124    
     14.1355656219709        0.153102142263061E-01     12859.0529338181    
     14.1747605102946        0.121498124999029E-01     13175.1793055932    
     14.2109444967034        0.882183793091635E-02     13467.0212479729    
     14.2416047158803        0.656734167708378E-02     13714.3112457444    
     14.2735940814057        0.655618453085796E-02     13972.3214733899    
     14.3112548024311        0.583870995473116E-02     14276.0740188201    
     14.3515928271896        0.470173826786532E-02     14601.4203575097    
     14.3931092812838        0.362828599118445E-02     14936.2713180061    
     14.4353536061551        0.272548097800764E-02     15276.9929202560    
     14.4781805915748        0.200093151764648E-02     15622.4139711582    
     14.5215389901900        0.143692178820526E-02     15972.1211351895    
     14.5654114277126        0.100911458952657E-02     16325.9742800277    
     14.6097934490059        0.692555605274516E-03     16683.9374727692    
     14.6546845869142        0.464069405406627E-03     17046.0069455686    
     14.7000866670348        0.303310101593875E-03     17412.1974227812    
     14.7460024382811        0.193141948453316E-03     17782.5310757679    
     14.7924353458054        0.119679642557491E-03     18157.0356914052    
     14.8393897908609        0.720686224424107E-04     18535.7467680004    
     14.8868719023703        0.421140680908428E-04     18918.7137383798    
     14.9348895436023        0.238441598622292E-04     19306.0000237364    
     14.9834532825587        0.130578187696911E-04     19697.6908602892    
     15.0325772615641        0.690390227288104E-05     20093.9003129570    
     15.0822804525630        0.351720973840607E-05     20494.7813999587    
     15.1325878738167        0.172303428391721E-05     20900.5359060807    
     15.1835329946809        0.810041859544758E-06     21311.4337784110    
     15.2351601741276        0.364812618972180E-06     21727.8327942380    
     15.2875275219822        0.157218107438893E-06     22150.2016383598    
     15.3407091815386        0.648555180231216E-07     22579.1383135118    
     15.3947943400787        0.256865747672655E-07     23015.3621597169    
     15.4498758752239        0.983994817396698E-08     23459.6222814305    
     15.5060198947269        0.369470776770958E-08     23912.4518707316    
     15.5632148820552        0.138466934956358E-08     24373.7580410280    
     15.6213288832311        0.526668829010011E-09     24842.4765175125    
     15.6801425013440        0.204477146080668E-09     25316.8377544020    
     15.7394703921473        0.802995626971609E-10     25795.3468576764    
     15.7992657127478        0.313435602296345E-10     26277.6260159797    
     15.8596267583724        0.119715987585924E-10     26764.4680294645    
     15.9207315999727        0.444312774324369E-11     27257.3091293919    
     15.9827447780043        0.160889484030093E-11     27757.4764168057    
     16.0457204493215        0.575862664460057E-12     28265.4066938147    
     16.1095525381344        0.206577346046575E-12     28780.2444061349    
     16.1740459430357        0.745819905331897E-13     29300.4159633667    
     16.2390754476805        0.268788657559464E-13     29824.9114330791    
     16.3046734286352        0.955367471337777E-14     30353.9919484689    
     16.3709754582385        0.333077021716978E-14     30888.7509682346    
     16.4380938828966        0.114434401281450E-14     31430.0946223145    
     16.5060230643223        0.391011840301182E-15     31977.9774351038    
     16.5746649736263        0.133393902407501E-15     32531.6087545945    
     16.6439550779465        0.452134519828296E-16     33090.4680909898    
     16.7139341706613        0.151214889100271E-16     33654.8844632807    
     16.7846850704252        0.498595571820508E-17     34225.5258453265    
     16.8562268769313        0.162868038959380E-17     34802.5462857014    
     16.9285025289857        0.528770972982336E-18     35385.4855573465    
     17.0014694865634        0.170233957376490E-18     35974.0005536895    
     17.0751525249967        0.541668637753374E-19     36568.2911001728    
     17.1495880500622        0.170470061329795E-19     37168.6508275889    
     17.2247690970428        0.532026719027663E-20     37775.0235620106    
     17.3006841183681        0.164624786196365E-20     38387.3161665095    
     17.3773637383919        0.503923875269266E-21     39005.7756418122    
     17.4548359833418        0.152540304055382E-21     39630.6280334551    
     17.5330755046797        0.457168439526537E-22     40261.6688928058    
     17.6120477597709        0.135688100665145E-22     40898.6196162445    
     17.6917622750314        0.398709881859464E-23     41541.5570390775    
     17.7722439522933        0.116008098781466E-23     42190.6820070334    
     17.8534960631003        0.334131954851151E-24     42846.0209067472    
     17.9355101126356        0.952407923494313E-25     43507.5052232741    
     18.0182821488881        0.268783839103685E-25     44175.1030816689    
     18.1018221973502        0.751032575721118E-26     44848.8953425402    
     18.1861421599226        0.207686300564037E-26     45528.9780006681    
     18.2712425634164        0.568483853172289E-27     46215.3553050466    
     18.3571512618145        0.154016952016104E-27     46908.2519119769    
     18.4439058270400        0.412624591754370E-28     47607.9708578035    
     18.5314560963794        0.109249082096526E-28     48314.1075551604    
     18.6196893399649        0.286496008120592E-29     49025.7527812989    
     18.7086567543581        0.745802651373477E-30     49743.3194620871    
     18.7986469625140        0.192091901001288E-30     50469.1354859689    
     18.8897643320198        0.486289751570047E-31     51204.0426297180    
     18.9816228405149        0.121216664517058E-31     51944.9274299850    
     19.0737465798516        0.300625691542268E-32     52687.9514496049    
     19.1664378383444        0.747793446324581E-33     53435.5527949785    
     19.2606416915596        0.182891005474506E-33     54195.3539730858    
     19.3556433233951        0.436090911811657E-34     54961.5896346553    
     19.4514573472249        0.105544527948080E-34     55734.3776438547    
     19.5517619139415        0.245173429191267E-35     56543.3841267075    
     19.6529338807979        0.504991716441886E-36     57359.3866253872    
     19.7438717429932        0.118375239345020E-36     58092.8459529233    
     19.8400770367225        0.327370256557453E-37     58868.7897494977    
     19.9466266901035        0.676650758609909E-38     59728.1659788415    
     20.0502230458986        0.137935748681730E-38     60563.7223865068    
     20.1517102792469        0.304309015750624E-39     61382.2676670779    
     20.2546989951031        0.670212223518035E-40     62212.9231548157    
     20.3588161240754        0.144009030005893E-40     63052.6798585424    
     20.4644118689703        0.308454140258728E-41     63904.3623389920    
     20.5715957554415        0.647619292650455E-42     64768.8539753250    
     20.6805226982713        0.133966391464213E-42     65647.4042327190    
     20.7902120581010        0.276086159662497E-43     66532.1037644257    
     20.9020316511657        0.576689796453564E-44     67433.9846922887    
     21.0113787199070        0.120106532759328E-44     68315.9234752220    
     21.1290109159691        0.256485958801461E-45     69264.6859525610    
     21.2269781076064        0.679610962197262E-46     70054.8403367111    
     21.3541945607259        0.965219214049532E-47     71080.9046393471    
     21.4472619211576        0.699567102038744E-47     71831.5394349086    
     21.5853578093094        0.245008957290144E-48     72945.3518207966    
     21.7100493127893        0.495128627434795E-48     73951.0511421138    
     21.8492943196627        0.817873667886876E-50     75074.1317450518    
     22.0046559300866        0.223505878050662E-49     76327.2008139257    
     22.1382720579043        0.102071635269503E-50     77404.8816928395    
     22.2396528687094        0.210715511161282E-51     78222.5686223880    
     22.3294726397431        0.683177040969642E-51     78947.0099856603    
     22.4699261709202        0.803323278118397E-52     80079.8379413689    
     22.6201124506971        0.192355765088906E-52     81291.1653809092    
     22.7122398728211        0.996199440585605E-53     82034.2191040508    
     22.8375339289941        0.268121490039926E-53     83044.7783141137    
     22.9715285198890        0.664904357760855E-54     84125.5116869765    
     23.0865808857536        0.275720371787217E-54     85053.4665438573    
     23.2146792856252        0.838807978963046E-55     86086.6441880222    
     23.3463574504386        0.225923123263846E-55     87148.6944263242    
     23.4754548693452        0.741229730562041E-56     88189.9296585158    
     23.6061922903326        0.229307147460947E-56     89244.3923274896    
     23.7353060797362        0.680786159171661E-57     90285.7595959242    
     23.8617131402616        0.212097462612285E-57     91305.2957425923    
     23.9834281757614        0.698578176909001E-58     92286.9883614152    
     24.1028394956724        0.247132002532179E-58     93250.1003621575    
     24.2263059388755        0.873497562285156E-59     94245.9189598127    
     24.3554616408538        0.293696612916432E-59     95287.6242741186    
     24.4883568105566        0.950618233690487E-60     96359.4902653562    
     24.6229569638175        0.302518559432747E-60     97445.1078014818    
     24.7581807677463        0.958690236832217E-61     98535.7553920697    
     24.8936076249717        0.304971911327114E-61     99628.0407090212    
     25.0291477046221        0.977558718584290E-62     100721.239221442    
     25.1648494334511        0.315774699349316E-62     101815.741515312    
     25.3008004766462        0.102646280050831E-62     102912.254654202    
     25.4370871945586        0.335342420604764E-63     104011.475177524    
     25.5737795072659        0.110025201356765E-63     105113.967025665    
     25.7109262816558        0.362370756630831E-64     106220.124334507    
     25.8485585006435        0.119757009294189E-64     107330.196996752    
     25.9866956874601        0.396990586470771E-65     108444.342477021    
     26.1253504254927        0.131967544271743E-65     109562.662266623    
     26.2645302354271        0.439824017366107E-66     110685.217023650    
     26.4042385660096        0.146948615762636E-66     111812.034563962    
     26.5444758580690        0.492146062086101E-67     112943.118443067    
     26.6852406043529        0.165210665561229E-67     114078.456504220    
     26.8265301369447        0.555870638922732E-68     115218.027229339    
     26.9683410623196        0.187447500025306E-68     116361.803247951    
     27.1106694409577        0.633487550687137E-69     117509.752785856    
     27.2535108536667        0.214553179569685E-69     118661.840200061    
     27.3968604451860        0.728214255321289E-70     119818.026330459    
     27.5407129732949        0.247686185858556E-70     120978.268895922    
     27.6850628607860        0.844219386851030E-71     122142.522913481    
     27.8299042446212        0.288345739893061E-71     123310.741094805    
     27.9752310277216        0.986895914602124E-72     124482.874263901    
     28.1210369550601        0.338473606721261E-72     125658.871970849    
     28.2673157545590        0.116324446576230E-72     126838.683628208    
     28.4140614085896        0.400596989280257E-73     128022.260700792    
     28.5612686605758        0.138239645470244E-73     129209.560791686    
     28.7089339184305        0.478015672864776E-74     130400.554928913    
     28.8570567887369        0.165626084904492E-74     131595.239939369    
     29.0056425376009        0.575011707432528E-75     132793.658296832    
     29.1547057588050        0.200011424032385E-75     133995.927707453    
     29.3042753111670        0.696955484075246E-76     135202.280932029    
     29.4544000004601        0.243235134503707E-76     136413.111613523    
     29.6051534380711        0.849874321913094E-77     137629.013464575    
     29.7566352142162        0.297129243361871E-77     138850.789730073    
     29.9089646336826        0.103864298013913E-77     140079.402662779    
     30.0622635652535        0.362674332976410E-78     141315.835195364    
     30.2166263356528        0.126380971430230E-78     142560.848120019    
     30.3720749581266        0.439157020819637E-79     143814.618984582    
     30.5284931335142        0.152117837042410E-79     145076.209778170    
     30.6855168127628        0.525460213448486E-80     146342.684263150    
     30.8423278295539        0.181300121359251E-80     147607.443519079    
     30.9972823216630        0.627309287790567E-81     148857.228975185    
     31.1476729996797        0.220294457931067E-81     150070.204988729    
     31.2918895368313        0.813723998555831E-82     151233.383469125    
     31.4351761020581        0.322859851776815E-82     152389.061260962    
     31.5858032483916        0.126778290839380E-82     153603.944509714    
     31.7449785874363        0.465094315037361E-83     154887.773206779    
     31.9097045499565        0.161742447871568E-83     156216.370457486    
     32.0767841742482        0.545582304985060E-84     157563.951167211    
     32.2422193789018        0.181007756792152E-84     158898.268810344    
     32.3983967985227        0.600050039681128E-85     160157.917788297    
     32.5392570078720        0.225074575954300E-85     161294.025806804    
     32.6842896516522        0.996653701086279E-86     162463.786595213    
     32.8479506195930        0.384428037008148E-86     163783.794132140    
     33.0212815179056        0.130379653194252E-86     165181.794492480    
     33.1920666765755        0.412776503325248E-87     166559.262189731    
     33.3390918576548        0.130146742004552E-87     167745.093787727    
     33.4730491362481        0.639070595127266E-88     168825.526218221    
     33.6395457721185        0.269590186635899E-88     170168.404834834    
     33.8223764078098        0.878903373756522E-89     171643.025327002    
     33.9940939820601        0.248281897289584E-89     173028.013422118    
     34.1210412717074        0.923727141636445E-90     174051.906786768    
     34.2749258759206        0.522857295235482E-90     175293.063062049    
     34.4655633677017        0.173360838367940E-90     176830.649752010    
     34.6457411402908        0.437003976289623E-91     178283.873576828    
     34.7566684865018        0.171557200700856E-91     179178.558087693    
     34.9210432197563        0.108300847126845E-91     180504.322498757    
     35.1229068263908        0.319503444810803E-92     182132.453418067    
     35.2831821236316        0.647891869411921E-93     183425.153827962    
     35.4002908739440        0.505595581245249E-93     184369.694453607    
     35.5984074027966        0.191547854623082E-93     185967.603317068    
     35.7780135032192        0.364453131893245E-94     187416.216320027    
     35.8806559888319        0.257794976310521E-94     188244.079287736    
     36.0811656985546        0.113291418044405E-94     189861.290351504    
     36.2816650447358        0.215247970507309E-95     191478.417828129    
     36.3759519985232        0.119540580441281E-95     192238.889253901    
     36.5749694357379        0.620384958980259E-96     193844.064393756    
     36.7715872290318        0.101330238205206E-96     195429.885205568    
     36.8669390382970        0.825920570484134E-97     196198.945223197    
     37.0817105724777        0.312434998119093E-97     197931.185032131    
     37.2485961333065        0.508389285516549E-98     199277.200522996    
     37.3745474511787        0.540147908961514E-98     200293.060877294    
     37.5932734550860        0.126723995995366E-98     202057.195461808    
     37.7121935622184        0.488512958095719E-99     203016.345585885    
     37.8960883841136        0.268985432985200E-99     204499.549271880    
     38.0517725350796        0.472577094220778-100     205755.219791497    
     38.2010904481069        0.488215210830665-100     206959.543419018    
     38.3831151801258        0.129368671764856-100     208427.663895117    
     38.5350820806994        0.421408844775485-101     209653.352931693    
     38.7098059548013        0.292769516801943-101     211062.588338262    
     38.8790558292441        0.403046086045879-102     212427.673200580    
     38.9978142745070        0.514997441351058-102     213385.519440849    
     39.2553650299154        0.115443023285289-102     215462.795058594    
     39.3595500610190        0.602298768117774-103     216303.099426961    
     39.5879651706560        0.924914940027285-104     218145.381493738    
     39.6895127119768        0.908536928185596-104     218964.413188261    
     39.8646730220543        0.375207168563638-104     220377.168669191    
     40.0465065676209        0.132155612330271-104     221843.747130958    
     40.1760861776043        0.330698355933510-105     222888.871475279    
     40.3578831036737        0.191945318585580-105     224355.154582492    
     40.4693042854688        0.125349486624829-105     225253.822124260    
     40.6226460323007        0.620619901563660-106     226490.599983334    
     40.8578358892291        0.552534981905624-107     228387.523774390    
     41.0001221978918        0.106399888351873-106     229535.133996908    
     41.1148458368188        0.343395291934634-107     230460.437506674    
     41.3407555628162        0.161653871978448-108     232282.512401706    
     41.4288252223571        0.979308566856524-108     232992.838240733    
     41.6794919605010        0.216430973120719-108     235014.590817233    
     41.8196491219220        0.469848588367972-109     236145.028402674    
     41.9349940902876        0.603992194654901-109     237075.343245027    
     42.2149417054852        0.401096033707778-110     239333.260735403    
     42.3573533464842        0.814665554877637-110     240481.881825880    
     42.5094999237141        0.198799265007881-110     241709.020044528    
     42.6392462433590        0.712192600358324-111     242755.488985624    
     42.8379312175147        0.391702128405003-112     244357.982644677    
     42.9596190080729        0.187865828118454-111     245339.455519424    
     43.0855140624876        0.131394338795996-111     246354.862080805    
     43.1756208525741        0.687562325758491-112     247081.618396248    
     43.5008087002554        0.893420935678481-113     249704.420981722    
     43.6093025318083        0.491404229558541-113     250579.477980112    
     43.7892912483460        0.282580961393900-113     252031.176973347    
     43.8557194956154        0.164913030995708-113     252566.954001698    
     44.0563124100685        0.214197937942506-114     254184.836153220    
     44.1761237104788        0.532957397061736-114     255151.174196679    
     44.3440899761783        0.198654187837480-115     256505.906112678    
     44.5794446996147        0.725524756681452-115     258404.159634554    
     44.6834067608166        0.632467885103310-116     259242.665639178    
     44.8168899230746        0.236733181505012-115     260319.274084370    
     44.9223591496005        0.203785739955342-116     261169.936130915    
     45.2615255080449        0.219185463083730-118     263905.482394948    
     45.3814927156024        0.147358236724820-116     264873.077907503    
     45.4630201138098        0.254602006543163-117     265530.637137745    
     45.5583223158768        0.428166804913591-117     266299.297048516    
     45.9236660075125        0.221454174158276-118     269245.976593404    
     46.0670820486728        0.690668970502672-119     270402.698673382    
     46.1094015896072        0.129996246688665-118     270744.026930789    
     46.2520179735907        0.125129334694733-118     271894.299375808    
     46.3623745828050        0.587127388891106-119     272784.380607426    
     46.5044589843547        0.167920732008424-119     273930.362348125    
     46.6286073099358        0.920240637421205-121     274931.680668099    
     46.8215806780372        0.575456090694525-120     276488.107368521    
     47.0050094846630        0.288535258402011-121     277967.552408362    
     47.1645799654891        0.162518287400174-120     279254.568121464    
     47.1874704941020        0.104398165832859-120     279439.191679992    
     47.4981966760356        0.703356435017077-122     281945.353700377    
     47.6023890108513        0.137866386657876-121     282785.716976833    
     47.8750024350830        0.162821845250391-122     284984.480549974    
     47.9103982114581        0.115651031248745-123     285269.965184327    
     48.0920677573339        0.160960617413234-122     286735.220906588    
     48.1252259171939        0.175670516535914-123     287002.658044939    
     48.1760753795068        0.456315295946666-123     287412.784383224    
     48.4379926471947        0.259450846470319-123     289525.278105761    
     48.6153200408497        0.563755292471733-124     290955.512199285    
     48.6267418561639        0.243851702431353-124     291047.634850702    
     48.8672540231798        0.352343824662232-129     292987.485733768    
     49.0696188514399        0.139730839553764-124     294619.659256100    
     49.2553932239970        0.246029052704988-125     296118.022457960    
     49.3330743866579        0.369696959194271-125     296744.559875401    
     49.4039804141519        0.165486627522321-125     297316.452440154    
     49.5004654626641        0.745130334231742-127     298094.652598930    
     49.6436188309317        0.361881098238288-129     299249.256090692    
     49.8616566412410        0.482943299586285-127     301007.840049741    
     50.1215397941068        0.879276668192625-127     303103.927619181    
     50.1880921523562        0.748042014919683-132     303640.705664641    
     50.2449913162037        0.287718958964919-127     304099.625870653    
     50.2931395988390        0.446630795626833-127     304487.965844248    
     50.4342449981002        0.832028874652980-128     305626.051441989    
     50.9002413880928        0.198735012985595-134     309384.545325475    
     50.9075458290019        0.384415800133081-132     309443.459293627    
     50.9583740147580        0.488787370741342-130     309853.414025843    
     51.1345073924331        0.159931838449603-131     311274.017783481    
     51.1428315185781        0.553478438609785-129     311341.156022904    
     51.2210462059039        0.636002502348202-130     311971.996583530    
     51.2587646792455        0.413211072056532-129     312276.214930267    
     51.3241281910490        0.323215017794604-129     312803.404334717    
     51.3718617905579        0.193272344178530-134     313188.399681556    
     51.6869622351255        0.479721774757355-134     315729.842317217    
     51.7219270312911        0.162117726187625-130     316011.850880691    
     52.1018929748491        0.753305556925248-131     319076.466198458    
     52.4329615624201        0.244032556336548-131     321746.699891511    
     52.4938874914522        0.840033556010327-132     322238.097972119    
     52.5896404420312        0.839688576937653-134     323010.393395015    
     52.7308403337587        0.265585216256333-133     324149.241121743    
     52.7402530351795        0.936857949586091-134     324225.159265052    
     52.8140406036903        0.118720200103571-137     324820.292898876    
     53.1278126021849        0.780323740823554-133     327351.020952735    
     53.1378039070071        0.179130756165580-133     327431.605821777    
     53.2436922131272        0.192016180458649-136     328285.647954789    
     53.6309675734606        0.927168136789540-134     331409.217373559    
     53.8400597050004        0.177640623430808-134     333095.649960493    
     54.2272568941344        0.594041595371269-135     336218.588889453    
     54.3486454464040        0.618406121177994-140     337197.648257783    
     54.4283159054845        0.638682122972250-137     337840.230345497    
     54.4821739816309        0.293210988929155-137     338274.622658656    
     54.6368012115546        0.134136718396114-164     339521.768581605    
     54.7091716775682        0.108225415967113-136     340105.472575238    
     54.9188168880394        0.276992340433783-139     341796.366020294    
     54.9289683511592        0.251180947936990-136     341878.242646086    
     55.3185514891207        0.191711286979020-137     345020.425445315    
     55.3204166715345        0.183708922789117-163     345035.469074073    
     55.4083160893843        0.329624258249759-137     345744.421828741    
     55.4083844465213        0.637138419757157-160     345744.973163229    
     55.9889771862173        0.187045729270357-142     350427.743905248    
     55.9890483010615        0.109902527713739-164     350428.317482023    
     56.3427226866219        0.435708478984786-139     353280.878238761    
     56.3617153633580        0.160653709772197-167     353434.063672976    
     56.3862414763794        0.501388451427129-141     353631.879037550    
     56.4765272179329        0.526318081927079-165     354360.078686050    
     56.4772548631482        0.276846626568882-140     354365.947508534    
     56.6809797671561        0.126520622245777-139     356009.090721810    
     56.7342700806837        0.165987405021648-166     356438.903745566    
     56.7345509589062        0.324620679829148-142     356441.169168870    
     56.9574478368741        0.108589254847547-140     358238.943938120    
     57.7522541916809        0.319494189339219-145     364649.454592814    
     57.8931696211443        0.442863056697525-142     365786.007989151    
     58.0578645554430        0.323861792245900-142     367114.354981738    
     58.5065256752745        0.210021933157980-144     370733.031243739    
     58.7221124450696        0.171385624650642-145     372471.846335521    
     58.7990119918094        0.267417517375520-144     373092.079629750    
     59.5551826586248        0.566244321084628-145     379190.974142950    
     59.5626402409607        0.136864962762446-181     379251.123273280    
     59.6098051748467        0.201655211478524-145     379631.532047538    
     59.6615964083481        0.342867281187190-148     380049.254241343    
     60.9101102598814        0.136671556115290-148     390119.142710885    
     60.9299919900294        0.112680789106531-148     390279.498805394    
     61.1951205369666        0.512801059635461-148     392417.893100716    
     61.5362685975769        0.508011389453485-149     395169.422783568    
     61.7494940760063        0.177296252903107-151     396889.192879841    
     63.0082123340134        0.252045121606436-151     407041.384989797    
     63.4291312757668        0.336495127180789-153     410436.306714509    
     63.7447446429060        0.398302957982525-153     412981.886327170    
     64.0645873317766        0.419076440657917-155     415561.577534256    
     65.0404722849312        0.547324095033541-155     423432.577623925    
     66.3719716845333        0.606786252146949-158     434171.786031416    
     66.6867577473853        0.335595908288949-159     436710.693021348    
     67.3672137831607        0.399523874341527-159     442198.911177894    
     69.7683726849651        0.507616315636438-164     461565.458300398    
     70.1317629219751        0.584294939386665-164     464496.382257002    
     73.7005859202756         0.00000000000000         493280.724149795    
     73.7007930307055        0.455012471191015-170     493282.394598968    
