       12.5010000000        0.0000064032
       12.5030000000        0.0000128416
       12.5050000000        0.0000193156
       12.5070000000        0.0000258260
       12.5090000000        0.0000323735
       12.5110000000        0.0000389588
       12.5130000000        0.0000455826
       12.5150000000        0.0000522459
       12.5170000000        0.0000589493
       12.5190000000        0.0000656937
       12.5210000000        0.0000724801
       12.5230000000        0.0000793091
       12.5250000000        0.0000861816
       12.5270000000        0.0000930982
       12.5290000000        0.0001000593
       12.5310000000        0.0001070653
       12.5330000000        0.0001141161
       12.5350000000        0.0001212114
       12.5370000000        0.0001283507
       12.5390000000        0.0001355329
       12.5410000000        0.0001427570
       12.5430000000        0.0001500219
       12.5450000000        0.0001573262
       12.5470000000        0.0001646692
       12.5490000000        0.0001720499
       12.5510000000        0.0001794681
       12.5530000000        0.0001869238
       12.5550000000        0.0001944173
       12.5570000000        0.0002019491
       12.5590000000        0.0002095203
       12.5610000000        0.0002171319
       12.5630000000        0.0002247852
       12.5650000000        0.0002324815
       12.5670000000        0.0002402222
       12.5690000000        0.0002480090
       12.5710000000        0.0002558434
       12.5730000000        0.0002637270
       12.5750000000        0.0002716615
       12.5770000000        0.0002796488
       12.5790000000        0.0002876905
       12.5810000000        0.0002957888
       12.5830000000        0.0003039455
       12.5850000000        0.0003121628
       12.5870000000        0.0003204429
       12.5890000000        0.0003287883
       12.5910000000        0.0003372015
       12.5930000000        0.0003456852
       12.5950000000        0.0003542422
       12.5970000000        0.0003628757
       12.5990000000        0.0003715889
       12.6010000000        0.0003803852
       12.6030000000        0.0003892681
       12.6050000000        0.0003982413
       12.6070000000        0.0004073082
       12.6090000000        0.0004164722
       12.6110000000        0.0004257365
       12.6130000000        0.0004351033
       12.6150000000        0.0004445744
       12.6170000000        0.0004541502
       12.6190000000        0.0004638299
       12.6210000000        0.0004736111
       12.6230000000        0.0004834899
       12.6250000000        0.0004934614
       12.6270000000        0.0005035194
       12.6290000000        0.0005136580
       12.6310000000        0.0005238714
       12.6330000000        0.0005341551
       12.6350000000        0.0005445061
       12.6370000000        0.0005549234
       12.6390000000        0.0005654078
       12.6410000000        0.0005759620
       12.6430000000        0.0005865902
       12.6450000000        0.0005972980
       12.6470000000        0.0006080920
       12.6490000000        0.0006189792
       12.6510000000        0.0006299672
       12.6530000000        0.0006410636
       12.6550000000        0.0006522754
       12.6570000000        0.0006636093
       12.6590000000        0.0006750706
       12.6610000000        0.0006866633
       12.6630000000        0.0006983896
       12.6650000000        0.0007102496
       12.6670000000        0.0007222412
       12.6690000000        0.0007343608
       12.6710000000        0.0007466033
       12.6730000000        0.0007589631
       12.6750000000        0.0007714353
       12.6770000000        0.0007840163
       12.6790000000        0.0007967045
       12.6810000000        0.0008095013
       12.6830000000        0.0008224104
       12.6850000000        0.0008354383
       12.6870000000        0.0008485940
       12.6890000000        0.0008618878
       12.6910000000        0.0008753317
       12.6930000000        0.0008889381
       12.6950000000        0.0009027195
       12.6970000000        0.0009166874
       12.6990000000        0.0009308521
       12.7010000000        0.0009452214
       12.7030000000        0.0009598001
       12.7050000000        0.0009745894
       12.7070000000        0.0009895867
       12.7090000000        0.0010047856
       12.7110000000        0.0010201770
       12.7130000000        0.0010357503
       12.7150000000        0.0010514950
       12.7170000000        0.0010674029
       12.7190000000        0.0010834690
       12.7210000000        0.0010996935
       12.7230000000        0.0011160815
       12.7250000000        0.0011326438
       12.7270000000        0.0011493960
       12.7290000000        0.0011663576
       12.7310000000        0.0011835520
       12.7330000000        0.0012010044
       12.7350000000        0.0012187418
       12.7370000000        0.0012367910
       12.7390000000        0.0012551778
       12.7410000000        0.0012739252
       12.7430000000        0.0012930518
       12.7450000000        0.0013125699
       12.7470000000        0.0013324832
       12.7490000000        0.0013527860
       12.7510000000        0.0013734619
       12.7530000000        0.0013944843
       12.7550000000        0.0014158182
       12.7570000000        0.0014374234
       12.7590000000        0.0014592590
       12.7610000000        0.0014812878
       12.7630000000        0.0015034807
       12.7650000000        0.0015258196
       12.7670000000        0.0015482987
       12.7690000000        0.0015709252
       12.7710000000        0.0015937177
       12.7730000000        0.0016167045
       12.7750000000        0.0016399216
       12.7770000000        0.0016634100
       12.7790000000        0.0016872136
       12.7810000000        0.0017113763
       12.7830000000        0.0017359399
       12.7850000000        0.0017609410
       12.7870000000        0.0017864085
       12.7890000000        0.0018123611
       12.7910000000        0.0018388049
       12.7930000000        0.0018657322
       12.7950000000        0.0018931220
       12.7970000000        0.0019209416
       12.7990000000        0.0019491507
       12.8010000000        0.0019777067
       12.8030000000        0.0020065702
       12.8050000000        0.0020357114
       12.8070000000        0.0020651139
       12.8090000000        0.0020947778
       12.8110000000        0.0021247206
       12.8130000000        0.0021549758
       12.8150000000        0.0021855916
       12.8170000000        0.0022166273
       12.8190000000        0.0022481504
       12.8210000000        0.0022802330
       12.8230000000        0.0023129476
       12.8250000000        0.0023463629
       12.8270000000        0.0023805392
       12.8290000000        0.0024155231
       12.8310000000        0.0024513427
       12.8330000000        0.0024880030
       12.8350000000        0.0025254823
       12.8370000000        0.0025637322
       12.8390000000        0.0026026803
       12.8410000000        0.0026422364
       12.8430000000        0.0026823030
       12.8450000000        0.0027227865
       12.8470000000        0.0027636089
       12.8490000000        0.0028047171
       12.8510000000        0.0028460887
       12.8530000000        0.0028877342
       12.8550000000        0.0029296953
       12.8570000000        0.0029720415
       12.8590000000        0.0030148647
       12.8610000000        0.0030582733
       12.8630000000        0.0031023862
       12.8650000000        0.0031473260
       12.8670000000        0.0031932127
       12.8690000000        0.0032401557
       12.8710000000        0.0032882467
       12.8730000000        0.0033375510
       12.8750000000        0.0033880996
       12.8770000000        0.0034398829
       12.8790000000        0.0034928465
       12.8810000000        0.0035468929
       12.8830000000        0.0036018876
       12.8850000000        0.0036576721
       12.8870000000        0.0037140811
       12.8890000000        0.0037709608
       12.8910000000        0.0038281875
       12.8930000000        0.0038856801
       12.8950000000        0.0039434082
       12.8970000000        0.0040013933
       12.8990000000        0.0040597055
       12.9010000000        0.0041184563
       12.9030000000        0.0041777894
       12.9050000000        0.0042378709
       12.9070000000        0.0042988783
       12.9090000000        0.0043609901
       12.9110000000        0.0044243740
       12.9130000000        0.0044891754
       12.9150000000        0.0045555051
       12.9170000000        0.0046234272
       12.9190000000        0.0046929501
       12.9210000000        0.0047640201
       12.9230000000        0.0048365224
       12.9250000000        0.0049102895
       12.9270000000        0.0049851184
       12.9290000000        0.0050607936
       12.9310000000        0.0051371138
       12.9330000000        0.0052139164
       12.9350000000        0.0052910968
       12.9370000000        0.0053686203
       12.9390000000        0.0054465245
       12.9410000000        0.0055249157
       12.9430000000        0.0056039600
       12.9450000000        0.0056838705
       12.9470000000        0.0057648941
       12.9490000000        0.0058472962
       12.9510000000        0.0059313460
       12.9530000000        0.0060172994
       12.9550000000        0.0061053823
       12.9570000000        0.0061957710
       12.9590000000        0.0062885745
       12.9610000000        0.0063838166
       12.9630000000        0.0064814244
       12.9650000000        0.0065812247
       12.9670000000        0.0066829526
       12.9690000000        0.0067862735
       12.9710000000        0.0068908174
       12.9730000000        0.0069962206
       12.9750000000        0.0071021670
       12.9770000000        0.0072084233
       12.9790000000        0.0073148618
       12.9810000000        0.0074214698
       12.9830000000        0.0075283461
       12.9850000000        0.0076356884
       12.9870000000        0.0077437750
       12.9890000000        0.0078529435
       12.9910000000        0.0079635687
       12.9930000000        0.0080760395
       12.9950000000        0.0081907350
       12.9970000000        0.0083080005
       12.9990000000        0.0084281208
       13.0010000000        0.0085512947
       13.0030000000        0.0086776094
       13.0050000000        0.0088070224
       13.0070000000        0.0089393520
       13.0090000000        0.0090742838
       13.0110000000        0.0092113945
       13.0130000000        0.0093501937
       13.0150000000        0.0094901774
       13.0170000000        0.0096308857
       13.0190000000        0.0097719547
       13.0210000000        0.0099131541
       13.0230000000        0.0100544073
       13.0250000000        0.0101957927
       13.0270000000        0.0103375318
       13.0290000000        0.0104799659
       13.0310000000        0.0106235282
       13.0330000000        0.0107687130
       13.0350000000        0.0109160435
       13.0370000000        0.0110660388
       13.0390000000        0.0112191793
       13.0410000000        0.0113758711
       13.0430000000        0.0115364088
       13.0450000000        0.0117009415
       13.0470000000        0.0118694445
       13.0490000000        0.0120417044
       13.0510000000        0.0122173245
       13.0530000000        0.0123957543
       13.0550000000        0.0125763429
       13.0570000000        0.0127584113
       13.0590000000        0.0129413312
       13.0610000000        0.0131245965
       13.0630000000        0.0133078774
       13.0650000000        0.0134910497
       13.0670000000        0.0136741997
       13.0690000000        0.0138576086
       13.0710000000        0.0140417237
       13.0730000000        0.0142271206
       13.0750000000        0.0144144632
       13.0770000000        0.0146044602
       13.0790000000        0.0147978227
       13.0810000000        0.0149952176
       13.0830000000        0.0151972206
       13.0850000000        0.0154042662
       13.0870000000        0.0156165995
       13.0890000000        0.0158342349
       13.0910000000        0.0160569297
       13.0930000000        0.0162841827
       13.0950000000        0.0165152645
       13.0970000000        0.0167492823
       13.0990000000        0.0169852725
       13.1010000000        0.0172223089
       13.1030000000        0.0174596055
       13.1050000000        0.0176965992
       13.1070000000        0.0179330004
       13.1090000000        0.0181688083
       13.1110000000        0.0184042965
       13.1130000000        0.0186399769
       13.1150000000        0.0188765501
       13.1170000000        0.0191148508
       13.1190000000        0.0193557898
       13.1210000000        0.0196002957
       13.1230000000        0.0198492549
       13.1250000000        0.0201034493
       13.1270000000        0.0203634925
       13.1290000000        0.0206297672
       13.1310000000        0.0209023699
       13.1330000000        0.0211810749
       13.1350000000        0.0214653255
       13.1370000000        0.0217542663
       13.1390000000        0.0220468175
       13.1410000000        0.0223417869
       13.1430000000        0.0226380028
       13.1450000000        0.0229344466
       13.1470000000        0.0232303618
       13.1490000000        0.0235253257
       13.1510000000        0.0238192767
       13.1530000000        0.0241125034
       13.1550000000        0.0244056031
       13.1570000000        0.0246994230
       13.1590000000        0.0249949912
       13.1610000000        0.0252934443
       13.1630000000        0.0255959531
       13.1650000000        0.0259036460
       13.1670000000        0.0262175308
       13.1690000000        0.0265384119
       13.1710000000        0.0268668105
       13.1730000000        0.0272028919
       13.1750000000        0.0275464142
       13.1770000000        0.0278967133
       13.1790000000        0.0282527361
       13.1810000000        0.0286131300
       13.1830000000        0.0289763814
       13.1850000000        0.0293409839
       13.1870000000        0.0297056083
       13.1890000000        0.0300692458
       13.1910000000        0.0304313031
       13.1930000000        0.0307916423
       13.1950000000        0.0311505701
       13.1970000000        0.0315087890
       13.1990000000        0.0318673235
       13.2010000000        0.0322274349
       13.2030000000        0.0325905304
       13.2050000000        0.0329580711
       13.2070000000        0.0333314776
       13.2090000000        0.0337120323
       13.2110000000        0.0341007786
       13.2130000000        0.0344984205
       13.2150000000        0.0349052309
       13.2170000000        0.0353209835
       13.2190000000        0.0357449263
       13.2210000000        0.0361758129
       13.2230000000        0.0366120033
       13.2250000000        0.0370516259
       13.2270000000        0.0374927820
       13.2290000000        0.0379337572
       13.2310000000        0.0383732051
       13.2330000000        0.0388102751
       13.2350000000        0.0392446725
       13.2370000000        0.0396766551
       13.2390000000        0.0401069785
       13.2410000000        0.0405368103
       13.2430000000        0.0409676253
       13.2450000000        0.0414010947
       13.2470000000        0.0418389725
       13.2490000000        0.0422829799
       13.2510000000        0.0427346862
       13.2530000000        0.0431953869
       13.2550000000        0.0436659815
       13.2570000000        0.0441468622
       13.2590000000        0.0446378288
       13.2610000000        0.0451380527
       13.2630000000        0.0456461109
       13.2650000000        0.0461601006
       13.2670000000        0.0466778308
       13.2690000000        0.0471970638
       13.2710000000        0.0477157674
       13.2730000000        0.0482323335
       13.2750000000        0.0487457310
       13.2770000000        0.0492555792
       13.2790000000        0.0497621457
       13.2810000000        0.0502662859
       13.2830000000        0.0507693435
       13.2850000000        0.0512730312
       13.2870000000        0.0517793020
       13.2890000000        0.0522902163
       13.2910000000        0.0528078069
       13.2930000000        0.0533339390
       13.2950000000        0.0538701652
       13.2970000000        0.0544175805
       13.2990000000        0.0549766868
       13.3010000000        0.0555472879
       13.3030000000        0.0561284399
       13.3050000000        0.0567184834
       13.3070000000        0.0573151735
       13.3090000000        0.0579159030
       13.3110000000        0.0585179915
       13.3130000000        0.0591189895
       13.3150000000        0.0597169457
       13.3170000000        0.0603105947
       13.3190000000        0.0608994458
       13.3210000000        0.0614837784
       13.3230000000        0.0620645650
       13.3250000000        0.0626433486
       13.3270000000        0.0632220980
       13.3290000000        0.0638030562
       13.3310000000        0.0643885883
       13.3330000000        0.0649810295
       13.3350000000        0.0655825294
       13.3370000000        0.0661948912
       13.3390000000        0.0668194078
       13.3410000000        0.0674567079
       13.3430000000        0.0681066312
       13.3450000000        0.0687681650
       13.3470000000        0.0694394703
       13.3490000000        0.0701180195
       13.3510000000        0.0708008433
       13.3530000000        0.0714848562
       13.3550000000        0.0721672074
       13.3570000000        0.0728455937
       13.3590000000        0.0735184860
       13.3610000000        0.0741852425
       13.3630000000        0.0748461129
       13.3650000000        0.0755021568
       13.3670000000        0.0761551039
       13.3690000000        0.0768071868
       13.3710000000        0.0774609607
       13.3730000000        0.0781191228
       13.3750000000        0.0787843292
       13.3770000000        0.0794590113
       13.3790000000        0.0801451889
       13.3810000000        0.0808442861
       13.3830000000        0.0815569642
       13.3850000000        0.0822829951
       13.3870000000        0.0830212061
       13.3890000000        0.0837695256
       13.3910000000        0.0845251471
       13.3930000000        0.0852848046
       13.3950000000        0.0860451253
       13.3970000000        0.0868030028
       13.3990000000        0.0875559287
       13.4010000000        0.0883022326
       13.4030000000        0.0890412056
       13.4050000000        0.0897731092
       13.4070000000        0.0904990918
       13.4090000000        0.0912210435
       13.4110000000        0.0919414157
       13.4130000000        0.0926630267
       13.4150000000        0.0933888630
       13.4170000000        0.0941218775
       13.4190000000        0.0948647835
       13.4210000000        0.0956198447
       13.4230000000        0.0963886658
       13.4250000000        0.0971719989
       13.4270000000        0.0979695940
       13.4290000000        0.0987801302
       13.4310000000        0.0996012626
       13.4330000000        0.1004298091
       13.4350000000        0.1012620691
       13.4370000000        0.1020942341
       13.4390000000        0.1029228205
       13.4410000000        0.1037450477
       13.4430000000        0.1045591036
       13.4450000000        0.1053642692
       13.4470000000        0.1061609112
       13.4490000000        0.1069503711
       13.4510000000        0.1077347880
       13.4530000000        0.1085168899
       13.4550000000        0.1092997731
       13.4570000000        0.1100866800
       13.4590000000        0.1108807791
       13.4610000000        0.1116849438
       13.4630000000        0.1125015306
       13.4650000000        0.1133321644
       13.4670000000        0.1141775475
       13.4690000000        0.1150373192
       13.4710000000        0.1159100030
       13.4730000000        0.1167930715
       13.4750000000        0.1176831501
       13.4770000000        0.1185763476
       13.4790000000        0.1194686759
       13.4810000000        0.1203564895
       13.4830000000        0.1212368734
       13.4850000000        0.1221079189
       13.4870000000        0.1229688590
       13.4890000000        0.1238200682
       13.4910000000        0.1246629539
       13.4930000000        0.1254997762
       13.4950000000        0.1263334308
       13.4970000000        0.1271672161
       13.4990000000        0.1280045974
       13.5010000000        0.1288489691
       13.5030000000        0.1297034139
       13.5050000000        0.1305704584
       13.5070000000        0.1314518336
       13.5090000000        0.1323482592
       13.5110000000        0.1332592856
       13.5130000000        0.1341832351
       13.5150000000        0.1351172828
       13.5170000000        0.1360576972
       13.5190000000        0.1370002263
       13.5210000000        0.1379405756
       13.5230000000        0.1388748952
       13.5250000000        0.1398001922
       13.5270000000        0.1407146045
       13.5290000000        0.1416175152
       13.5310000000        0.1425095208
       13.5330000000        0.1433922887
       13.5350000000        0.1442683490
       13.5370000000        0.1451408539
       13.5390000000        0.1460133270
       13.5410000000        0.1468894137
       13.5430000000        0.1477726299
       13.5450000000        0.1486661103
       13.5470000000        0.1495723545
       13.5490000000        0.1504929835
       13.5510000000        0.1514285275
       13.5530000000        0.1523782841
       13.5550000000        0.1533402892
       13.5570000000        0.1543114378
       13.5590000000        0.1552877681
       13.5610000000        0.1562648832
       13.5630000000        0.1572384474
       13.5650000000        0.1582046675
       13.5670000000        0.1591606800
       13.5690000000        0.1601047893
       13.5710000000        0.1610365458
       13.5730000000        0.1619566878
       13.5750000000        0.1628669868
       13.5770000000        0.1637700387
       13.5790000000        0.1646690308
       13.5810000000        0.1655675033
       13.5830000000        0.1664691078
       13.5850000000        0.1673773625
       13.5870000000        0.1682954004
       13.5890000000        0.1692257120
       13.5910000000        0.1701698944
       13.5930000000        0.1711284331
       13.5950000000        0.1721005543
       13.5970000000        0.1730841949
       13.5990000000        0.1740761275
       13.6010000000        0.1750722559
       13.6030000000        0.1760680528
       13.6050000000        0.1770590748
       13.6070000000        0.1780414640
       13.6090000000        0.1790123492
       13.6110000000        0.1799700921
       13.6130000000        0.1809143651
       13.6150000000        0.1818460833
       13.6170000000        0.1827672322
       13.6190000000        0.1836806362
       13.6210000000        0.1845897010
       13.6230000000        0.1854981497
       13.6250000000        0.1864097604
       13.6270000000        0.1873281038
       13.6290000000        0.1882562790
       13.6310000000        0.1891966513
       13.6330000000        0.1901506048
       13.6350000000        0.1911183394
       13.6370000000        0.1920987519
       13.6390000000        0.1930894475
       13.6410000000        0.1940869142
       13.6430000000        0.1950868651
       13.6450000000        0.1960847088
       13.6470000000        0.1970760748
       13.6490000000        0.1980572978
       13.6510000000        0.1990257843
       13.6530000000        0.1999802136
       13.6550000000        0.2009205733
       13.6570000000        0.2018480583
       13.6590000000        0.2027648775
       13.6610000000        0.2036740118
       13.6630000000        0.2045789527
       13.6650000000        0.2054834384
       13.6670000000        0.2063911923
       13.6690000000        0.2073056614
       13.6710000000        0.2082297544
       13.6730000000        0.2091655843
       13.6750000000        0.2101142338
       13.6770000000        0.2110755744
       13.6790000000        0.2120481826
       13.6810000000        0.2130293950
       13.6830000000        0.2140155289
       13.6850000000        0.2150022610
       13.6870000000        0.2159851136
       13.6890000000        0.2169599670
       13.6910000000        0.2179235079
       13.6930000000        0.2188735421
       13.6950000000        0.2198091416
       13.6970000000        0.2207306327
       13.6990000000        0.2216394630
       13.7010000000        0.2225379908
       13.7030000000        0.2234292365
       13.7050000000        0.2243166247
       13.7070000000        0.2252037282
       13.7090000000        0.2260940211
       13.7110000000        0.2269906367
       13.7130000000        0.2278961337
       13.7150000000        0.2288122733
       13.7170000000        0.2297398245
       13.7190000000        0.2306784226
       13.7210000000        0.2316265159
       13.7230000000        0.2325814376
       13.7250000000        0.2335396237
       13.7270000000        0.2344969695
       13.7290000000        0.2354492807
       13.7310000000        0.2363927444
       13.7330000000        0.2373243396
       13.7350000000        0.2382421208
       13.7370000000        0.2391453495
       13.7390000000        0.2400344775
       13.7410000000        0.2409110197
       13.7430000000        0.2417773527
       13.7450000000        0.2426364798
       13.7470000000        0.2434917823
       13.7490000000        0.2443467712
       13.7510000000        0.2452048394
       13.7530000000        0.2460690141
       13.7550000000        0.2469417117
       13.7570000000        0.2478245032
       13.7590000000        0.2487179143
       13.7610000000        0.2496212938
       13.7630000000        0.2505327923
       13.7650000000        0.2514494842
       13.7670000000        0.2523676447
       13.7690000000        0.2532831554
       13.7710000000        0.2541919774
       13.7730000000        0.2550906077
       13.7750000000        0.2559764414
       13.7770000000        0.2568479910
       13.7790000000        0.2577049520
       13.7810000000        0.2585481359
       13.7830000000        0.2593793105
       13.7850000000        0.2602009883
       13.7870000000        0.2610161913
       13.7890000000        0.2618282133
       13.7910000000        0.2626403838
       13.7930000000        0.2634558342
       13.7950000000        0.2642772650
       13.7970000000        0.2651067168
       13.7990000000        0.2659453594
       13.8010000000        0.2667933229
       13.8030000000        0.2676496070
       13.8050000000        0.2685121071
       13.8070000000        0.2693777815
       13.8090000000        0.2702429599
       13.8110000000        0.2711037558
       13.8130000000        0.2719565139
       13.8150000000        0.2727982143
       13.8170000000        0.2736267683
       13.8190000000        0.2744411709
       13.8210000000        0.2752415146
       13.8230000000        0.2760288906
       13.8250000000        0.2768052174
       13.8270000000        0.2775730314
       13.8290000000        0.2783352648
       13.8310000000        0.2790950230
       13.8330000000        0.2798553654
       13.8350000000        0.2806190871
       13.8370000000        0.2813885036
       13.8390000000        0.2821652423
       13.8410000000        0.2829500584
       13.8430000000        0.2837427021
       13.8450000000        0.2845418716
       13.8470000000        0.2853452857
       13.8490000000        0.2861498894
       13.8510000000        0.2869521818
       13.8530000000        0.2877486170
       13.8550000000        0.2885360112
       13.8570000000        0.2893118825
       13.8590000000        0.2900746760
       13.8610000000        0.2908238531
       13.8630000000        0.2915598608
       13.8650000000        0.2922840107
       13.8670000000        0.2929983037
       13.8690000000        0.2937052308
       13.8710000000        0.2944075667
       13.8730000000        0.2951081666
       13.8750000000        0.2958097646
       13.8770000000        0.2965147749
       13.8790000000        0.2972250955
       13.8810000000        0.2979419248
       13.8830000000        0.2986656090
       13.8850000000        0.2993955493
       13.8870000000        0.3001302002
       13.8890000000        0.3008671846
       13.8910000000        0.3016035299
       13.8930000000        0.3023359999
       13.8950000000        0.3030614699
       13.8970000000        0.3037772788
       13.8990000000        0.3044814997
       13.9010000000        0.3051730935
       13.9030000000        0.3058519430
       13.9050000000        0.3065187875
       13.9070000000        0.3071750883
       13.9090000000        0.3078228580
       13.9110000000        0.3084644753
       13.9130000000        0.3091024984
       13.9150000000        0.3097394813
       13.9170000000        0.3103777926
       13.9190000000        0.3110194365
       13.9210000000        0.3116658795
       13.9230000000        0.3123178949
       13.9250000000        0.3129754463
       13.9270000000        0.3136376366
       13.9290000000        0.3143027509
       13.9310000000        0.3149684087
       13.9330000000        0.3156318173
       13.9350000000        0.3162900931
       13.9370000000        0.3169405959
       13.9390000000        0.3175812167
       13.9410000000        0.3182105757
       13.9430000000        0.3188281115
       13.9450000000        0.3194340688
       13.9470000000        0.3200294086
       13.9490000000        0.3206156703
       13.9510000000        0.3211948115
       13.9530000000        0.3217690405
       13.9550000000        0.3223406504
       13.9570000000        0.3229118568
       13.9590000000        0.3234846364
       13.9610000000        0.3240605701
       13.9630000000        0.3246406949
       13.9650000000        0.3252253798
       13.9670000000        0.3258142472
       13.9690000000        0.3264061657
       13.9710000000        0.3269993330
       13.9730000000        0.3275914556
       13.9750000000        0.3281800064
       13.9770000000        0.3287625200
       13.9790000000        0.3293368736
       13.9810000000        0.3299015066
       13.9830000000        0.3304555490
       13.9850000000        0.3309988550
       13.9870000000        0.3315319558
       13.9890000000        0.3320559572
       13.9910000000        0.3325724058
       13.9930000000        0.3330831431
       13.9950000000        0.3335901587
       13.9970000000        0.3340954452
       13.9990000000        0.3346008562
       14.0010000000        0.3351079664
       14.0030000000        0.3356179372
       14.0050000000        0.3361313963
       14.0070000000        0.3366483478
       14.0090000000        0.3371681332
       14.0110000000        0.3376894651
       14.0130000000        0.3382105437
       14.0150000000        0.3387292520
       14.0170000000        0.3392434017
       14.0190000000        0.3397509892
       14.0210000000        0.3402504157
       14.0230000000        0.3407406377
       14.0250000000        0.3412212349
       14.0270000000        0.3416923995
       14.0290000000        0.3421548672
       14.0310000000        0.3426098113
       14.0330000000        0.3430587190
       14.0350000000        0.3435032640
       14.0370000000        0.3439451784
       14.0390000000        0.3443861296
       14.0410000000        0.3448275969
       14.0430000000        0.3452707537
       14.0450000000        0.3457163570
       14.0470000000        0.3461646572
       14.0490000000        0.3466153442
       14.0510000000        0.3470675488
       14.0530000000        0.3475199122
       14.0550000000        0.3479707274
       14.0570000000        0.3484181352
       14.0590000000        0.3488603441
       14.0610000000        0.3492958356
       14.0630000000        0.3497235195
       14.0650000000        0.3501428215
       14.0670000000        0.3505536996
       14.0690000000        0.3509566035
       14.0710000000        0.3513523943
       14.0730000000        0.3517422430
       14.0750000000        0.3521275214
       14.0770000000        0.3525096924
       14.0790000000        0.3528902020
       14.0810000000        0.3532703741
       14.0830000000        0.3536513078
       14.0850000000        0.3540337805
       14.0870000000        0.3544181646
       14.0890000000        0.3548043707
       14.0910000000        0.3551918317
       14.0930000000        0.3555795433
       14.0950000000        0.3559661641
       14.0970000000        0.3563501684
       14.0990000000        0.3567300287
       14.1010000000        0.3571043950
       14.1030000000        0.3574722411
       14.1050000000        0.3578329561
       14.1070000000        0.3581863768
       14.1090000000        0.3585327652
       14.1110000000        0.3588727502
       14.1130000000        0.3592072447
       14.1150000000        0.3595373546
       14.1170000000        0.3598642847
       14.1190000000        0.3601892463
       14.1210000000        0.3605133672
       14.1230000000        0.3608376040
       14.1250000000        0.3611626595
       14.1270000000        0.3614889110
       14.1290000000        0.3618163595
       14.1310000000        0.3621446117
       14.1330000000        0.3624729074
       14.1350000000        0.3628001968
       14.1370000000        0.3631252615
       14.1390000000        0.3634468638
       14.1410000000        0.3637638955
       14.1430000000        0.3640755019
       14.1450000000        0.3643811626
       14.1470000000        0.3646807219
       14.1490000000        0.3649743746
       14.1510000000        0.3652626180
       14.1530000000        0.3655461844
       14.1550000000        0.3658259637
       14.1570000000        0.3661029228
       14.1590000000        0.3663780272
       14.1610000000        0.3666521635
       14.1630000000        0.3669260661
       14.1650000000        0.3672002507
       14.1670000000        0.3674749595
       14.1690000000        0.3677501287
       14.1710000000        0.3680253861
       14.1730000000        0.3683000876
       14.1750000000        0.3685733935
       14.1770000000        0.3688443750
       14.1790000000        0.3691121346
       14.1810000000        0.3693759176
       14.1830000000        0.3696351973
       14.1850000000        0.3698897204
       14.1870000000        0.3701395142
       14.1890000000        0.3703848593
       14.1910000000        0.3706262390
       14.1930000000        0.3708642763
       14.1950000000        0.3710996638
       14.1970000000        0.3713330938
       14.1990000000        0.3715651915
       14.2010000000        0.3717964539
       14.2030000000        0.3720272005
       14.2050000000        0.3722575404
       14.2070000000        0.3724873638
       14.2090000000        0.3727163615
       14.2110000000        0.3729440756
       14.2130000000        0.3731699725
       14.2150000000        0.3733935276
       14.2170000000        0.3736143045
       14.2190000000        0.3738320143
       14.2210000000        0.3740465463
       14.2230000000        0.3742579676
       14.2250000000        0.3744664958
       14.2270000000        0.3746724528
       14.2290000000        0.3748762077
       14.2310000000        0.3750781176
       14.2330000000        0.3752784721
       14.2350000000        0.3754774506
       14.2370000000        0.3756750976
       14.2390000000        0.3758713199
       14.2410000000        0.3760659106
       14.2430000000        0.3762585933
       14.2450000000        0.3764490807
       14.2470000000        0.3766371336
       14.2490000000        0.3768226101
       14.2510000000        0.3770054952
       14.2530000000        0.3771859065
       14.2550000000        0.3773640798
       14.2570000000        0.3775403362
       14.2590000000        0.3777150388
       14.2610000000        0.3778885438
       14.2630000000        0.3780611512
       14.2650000000        0.3782330603
       14.2670000000        0.3784043358
       14.2690000000        0.3785748913
       14.2710000000        0.3787444928
       14.2730000000        0.3789127870
       14.2750000000        0.3790793492
       14.2770000000        0.3792437450
       14.2790000000        0.3794055921
       14.2810000000        0.3795646135
       14.2830000000        0.3797206703
       14.2850000000        0.3798737752
       14.2870000000        0.3800240849
       14.2890000000        0.3801718779
       14.2910000000        0.3803175238
       14.2930000000        0.3804614462
       14.2950000000        0.3806040850
       14.2970000000        0.3807458580
       14.2990000000        0.3808871235
       14.3010000000        0.3810281455
       14.3030000000        0.3811690645
       14.3050000000        0.3813098777
       14.3070000000        0.3814504324
       14.3090000000        0.3815904389
       14.3110000000        0.3817295018
       14.3130000000        0.3818671678
       14.3150000000        0.3820029832
       14.3170000000        0.3821365501
       14.3190000000        0.3822675708
       14.3210000000        0.3823958768
       14.3230000000        0.3825214373
       14.3250000000        0.3826443523
       14.3270000000        0.3827648338
       14.3290000000        0.3828831799
       14.3310000000        0.3829997467
       14.3330000000        0.3831149189
       14.3350000000        0.3832290815
       14.3370000000        0.3833425921
       14.3390000000        0.3834557541
       14.3410000000        0.3835687912
       14.3430000000        0.3836818252
       14.3450000000        0.3837948609
       14.3470000000        0.3839077796
       14.3490000000        0.3840203481
       14.3510000000        0.3841322417
       14.3530000000        0.3842430816
       14.3550000000        0.3843524804
       14.3570000000        0.3844600883
       14.3590000000        0.3845656314
       14.3610000000        0.3846689369
       14.3630000000        0.3847699433
       14.3650000000        0.3848686970
       14.3670000000        0.3849653387
       14.3690000000        0.3850600844
       14.3710000000        0.3851532037
       14.3730000000        0.3852449977
       14.3750000000        0.3853357774
       14.3770000000        0.3854258439
       14.3790000000        0.3855154675
       14.3810000000        0.3856048690
       14.3830000000        0.3856942010
       14.3850000000        0.3857835326
       14.3870000000        0.3858728397
       14.3890000000        0.3859620029
       14.3910000000        0.3860508172
       14.3930000000        0.3861390126
       14.3950000000        0.3862262858
       14.3970000000        0.3863123350
       14.3990000000        0.3863968956
       14.4010000000        0.3864797669
       14.4030000000        0.3865608294
       14.4050000000        0.3866400496
       14.4070000000        0.3867174754
       14.4090000000        0.3867932249
       14.4110000000        0.3868674708
       14.4130000000        0.3869404242
       14.4150000000        0.3870123182
       14.4170000000        0.3870833926
       14.4190000000        0.3871538785
       14.4210000000        0.3872239842
       14.4230000000        0.3872938812
       14.4250000000        0.3873636902
       14.4270000000        0.3874334699
       14.4290000000        0.3875032091
       14.4310000000        0.3875728243
       14.4330000000        0.3876421661
       14.4350000000        0.3877110342
       14.4370000000        0.3877791992
       14.4390000000        0.3878464301
       14.4410000000        0.3879125202
       14.4430000000        0.3879773088
       14.4450000000        0.3880406951
       14.4470000000        0.3881026426
       14.4490000000        0.3881631768
       14.4510000000        0.3882223773
       14.4530000000        0.3882803664
       14.4550000000        0.3883372974
       14.4570000000        0.3883933421
       14.4590000000        0.3884486804
       14.4610000000        0.3885034883
       14.4630000000        0.3885579288
       14.4650000000        0.3886121406
       14.4670000000        0.3886662290
       14.4690000000        0.3887202563
       14.4710000000        0.3887742352
       14.4730000000        0.3888281251
       14.4750000000        0.3888818342
       14.4770000000        0.3889352279
       14.4790000000        0.3889881427
       14.4810000000        0.3890404057
       14.4830000000        0.3890918537
       14.4850000000        0.3891423515
       14.4870000000        0.3891918042
       14.4890000000        0.3892401633
       14.4910000000        0.3892874274
       14.4930000000        0.3893336373
       14.4950000000        0.3893788689
       14.4970000000        0.3894232246
       14.4990000000        0.3894668247
       14.5010000000        0.3895097989
       14.5030000000        0.3895522787
       14.5050000000        0.3895943900
       14.5070000000        0.3896362458
       14.5090000000        0.3896779393
       14.5110000000        0.3897195368
       14.5130000000        0.3897610718
       14.5150000000        0.3898025409
       14.5170000000        0.3898439022
       14.5190000000        0.3898850783
       14.5210000000        0.3899259639
       14.5230000000        0.3899664370
       14.5250000000        0.3900063731
       14.5270000000        0.3900456592
       14.5290000000        0.3900842056
       14.5310000000        0.3901219535
       14.5330000000        0.3901588777
       14.5350000000        0.3901949862
       14.5370000000        0.3902303156
       14.5390000000        0.3902649261
       14.5410000000        0.3902988947
       14.5430000000        0.3903323099
       14.5450000000        0.3903652654
       14.5470000000        0.3903978550
       14.5490000000        0.3904301679
       14.5510000000        0.3904622832
       14.5530000000        0.3904942656
       14.5550000000        0.3905261606
       14.5570000000        0.3905579899
       14.5590000000        0.3905897492
       14.5610000000        0.3906214072
       14.5630000000        0.3906529076
       14.5650000000        0.3906841751
       14.5670000000        0.3907151230
       14.5690000000        0.3907456636
       14.5710000000        0.3907757178
       14.5730000000        0.3908052232
       14.5750000000        0.3908341390
       14.5770000000        0.3908624486
       14.5790000000        0.3908901579
       14.5810000000        0.3909172931
       14.5830000000        0.3909438964
       14.5850000000        0.3909700219
       14.5870000000        0.3909957316
       14.5890000000        0.3910210908
       14.5910000000        0.3910461657
       14.5930000000        0.3910710189
       14.5950000000        0.3910957070
       14.5970000000        0.3911202768
       14.5990000000        0.3911447624
       14.6010000000        0.3911691821
       14.6030000000        0.3911935362
       14.6050000000        0.3912178068
       14.6070000000        0.3912419581
       14.6090000000        0.3912659402
       14.6110000000        0.3912896945
       14.6130000000        0.3913131599
       14.6150000000        0.3913362803
       14.6170000000        0.3913590099
       14.6190000000        0.3913813174
       14.6210000000        0.3914031875
       14.6230000000        0.3914246211
       14.6250000000        0.3914456332
       14.6270000000        0.3914662502
       14.6290000000        0.3914865077
       14.6310000000        0.3915064467
       14.6330000000        0.3915261117
       14.6350000000        0.3915455481
       14.6370000000        0.3915647998
       14.6390000000        0.3915839072
       14.6410000000        0.3916029053
       14.6430000000        0.3916218211
       14.6450000000        0.3916406720
       14.6470000000        0.3916594636
       14.6490000000        0.3916781894
       14.6510000000        0.3916968305
       14.6530000000        0.3917153573
       14.6550000000        0.3917337324
       14.6570000000        0.3917519150
       14.6590000000        0.3917698652
       14.6610000000        0.3917875487
       14.6630000000        0.3918049397
       14.6650000000        0.3918220229
       14.6670000000        0.3918387939
       14.6690000000        0.3918552583
       14.6710000000        0.3918714304
       14.6730000000        0.3918873313
       14.6750000000        0.3919029868
       14.6770000000        0.3919184255
       14.6790000000        0.3919336778
       14.6810000000        0.3919487737
       14.6830000000        0.3919637419
       14.6850000000        0.3919786081
       14.6870000000        0.3919933940
       14.6890000000        0.3920081157
       14.6910000000        0.3920227823
       14.6930000000        0.3920373955
       14.6950000000        0.3920519483
       14.6970000000        0.3920664262
       14.6990000000        0.3920808082
       14.7010000000        0.3920950687
       14.7030000000        0.3921091809
       14.7050000000        0.3921231194
       14.7070000000        0.3921368633
       14.7090000000        0.3921503975
       14.7110000000        0.3921637140
       14.7130000000        0.3921768119
       14.7150000000        0.3921896964
       14.7170000000        0.3922023783
       14.7190000000        0.3922148720
       14.7210000000        0.3922271951
       14.7230000000        0.3922393666
       14.7250000000        0.3922514063
       14.7270000000        0.3922633338
       14.7290000000        0.3922751674
       14.7310000000        0.3922869238
       14.7330000000        0.3922986167
       14.7350000000        0.3923102564
       14.7370000000        0.3923218486
       14.7390000000        0.3923333942
       14.7410000000        0.3923448886
       14.7430000000        0.3923563225
       14.7450000000        0.3923676822
       14.7470000000        0.3923789514
       14.7490000000        0.3923901132
       14.7510000000        0.3924011513
       14.7530000000        0.3924120526
       14.7550000000        0.3924228076
       14.7570000000        0.3924334114
       14.7590000000        0.3924438635
       14.7610000000        0.3924541672
       14.7630000000        0.3924643296
       14.7650000000        0.3924743597
       14.7670000000        0.3924842688
       14.7690000000        0.3924940690
       14.7710000000        0.3925037727
       14.7730000000        0.3925133926
       14.7750000000        0.3925229405
       14.7770000000        0.3925324270
       14.7790000000        0.3925418614
       14.7810000000        0.3925512505
       14.7830000000        0.3925605986
       14.7850000000        0.3925699071
       14.7870000000        0.3925791739
       14.7890000000        0.3925883939
       14.7910000000        0.3925975592
       14.7930000000        0.3926066600
       14.7950000000        0.3926156858
       14.7970000000        0.3926246263
       14.7990000000        0.3926334730
       14.8010000000        0.3926422194
       14.8030000000        0.3926508619
       14.8050000000        0.3926593996
       14.8070000000        0.3926678340
       14.8090000000        0.3926761690
       14.8110000000        0.3926844100
       14.8130000000        0.3926925636
       14.8150000000        0.3927006373
       14.8170000000        0.3927086388
       14.8190000000        0.3927165758
       14.8210000000        0.3927244560
       14.8230000000        0.3927322863
       14.8250000000        0.3927400728
       14.8270000000        0.3927478204
       14.8290000000        0.3927555326
       14.8310000000        0.3927632112
       14.8330000000        0.3927708559
       14.8350000000        0.3927784647
       14.8370000000        0.3927860335
       14.8390000000        0.3927935570
       14.8410000000        0.3928010289
       14.8430000000        0.3928084432
       14.8450000000        0.3928157939
       14.8470000000        0.3928230766
       14.8490000000        0.3928302884
       14.8510000000        0.3928374279
       14.8530000000        0.3928444954
       14.8550000000        0.3928514925
       14.8570000000        0.3928584222
       14.8590000000        0.3928652881
       14.8610000000        0.3928720945
       14.8630000000        0.3928788460
       14.8650000000        0.3928855473
       14.8670000000        0.3928922031
       14.8690000000        0.3928988178
       14.8710000000        0.3929053955
       14.8730000000        0.3929119398
       14.8750000000        0.3929184532
       14.8770000000        0.3929249378
       14.8790000000        0.3929313943
       14.8810000000        0.3929378224
       14.8830000000        0.3929442205
       14.8850000000        0.3929505862
       14.8870000000        0.3929569162
       14.8890000000        0.3929632069
       14.8910000000        0.3929694547
       14.8930000000        0.3929756565
       14.8950000000        0.3929818098
       14.8970000000        0.3929879133
       14.8990000000        0.3929939665
       14.9010000000        0.3929999696
       14.9030000000        0.3930059240
       14.9050000000        0.3930118315
       14.9070000000        0.3930176944
       14.9090000000        0.3930235152
       14.9110000000        0.3930292966
       14.9130000000        0.3930350415
       14.9150000000        0.3930407526
       14.9170000000        0.3930464325
       14.9190000000        0.3930520836
       14.9210000000        0.3930577079
       14.9230000000        0.3930633071
       14.9250000000        0.3930688823
       14.9270000000        0.3930744340
       14.9290000000        0.3930799620
       14.9310000000        0.3930854656
       14.9330000000        0.3930909434
       14.9350000000        0.3930963936
       14.9370000000        0.3931018142
       14.9390000000        0.3931072033
       14.9410000000        0.3931125590
       14.9430000000        0.3931178800
       14.9450000000        0.3931231656
       14.9470000000        0.3931284155
       14.9490000000        0.3931336300
       14.9510000000        0.3931388098
       14.9530000000        0.3931439558
       14.9550000000        0.3931490696
       14.9570000000        0.3931541524
       14.9590000000        0.3931592059
       14.9610000000        0.3931642318
       14.9630000000        0.3931692315
       14.9650000000        0.3931742067
       14.9670000000        0.3931791586
       14.9690000000        0.3931840887
       14.9710000000        0.3931889978
       14.9730000000        0.3931938867
       14.9750000000        0.3931987558
       14.9770000000        0.3932036053
       14.9790000000        0.3932084348
       14.9810000000        0.3932132436
       14.9830000000        0.3932180310
       14.9850000000        0.3932227959
       14.9870000000        0.3932275371
       14.9890000000        0.3932322538
       14.9910000000        0.3932369452
       14.9930000000        0.3932416108
       14.9950000000        0.3932462503
       14.9970000000        0.3932508640
       14.9990000000        0.3932554521
       15.0010000000        0.3932600152
