       12.5412375662        0.0000000000
       12.5412375662        0.0000138509
 
       12.6267394835        0.0000000000
       12.6267394835        0.0000693631
 
       12.6712176501        0.0000000000
       12.6712176501        0.0000945907
 
       12.7120723933        0.0000000000
       12.7120723933        0.0001785069
 
       12.7563379285        0.0000000000
       12.7563379285        0.0004675898
 
       12.7972334265        0.0000000000
       12.7972334265        0.0003140305
 
       12.8005459351        0.0000000000
       12.8005459351        0.0003167863
 
       12.8412896051        0.0000000000
       12.8412896051        0.0011858948
 
       12.8822195313        0.0000000000
       12.8822195313        0.0004233407
 
       12.8852808781        0.0000000000
       12.8852808781        0.0015483340
 
       12.9260706401        0.0000000000
       12.9260706401        0.0020521467
 
       12.9292242881        0.0000000000
       12.9292242881        0.0006910370
 
       12.9670274551        0.0000000000
       12.9670274551        0.0004641396
 
       12.9698488230        0.0000000000
       12.9698488230        0.0038768114
 
       13.0106776544        0.0000000000
       13.0106776544        0.0027149091
 
       13.0135712867        0.0000000000
       13.0135712867        0.0033449872
 
       13.0516540004        0.0000000000
       13.0516540004        0.0004282393
 
       13.0542469850        0.0000000000
       13.0542469850        0.0066120758
 
       13.0572550824        0.0000000000
       13.0572550824        0.0011001585
 
       13.0951079885        0.0000000000
       13.0951079885        0.0029132962
 
       13.0977527325        0.0000000000
       13.0977527325        0.0082821005
 
       13.1380939737        0.0000000000
       13.1380939737        0.0074332280
 
       13.1408915908        0.0000000000
       13.1408915908        0.0067886818
 
       13.1614934780        0.0000000000
       13.1614934780        0.0000101719
 
       13.1810084186        0.0000000000
       13.1810084186        0.0140025400
 
       13.1839038398        0.0000000000
       13.1839038398        0.0039211682
 
       13.2232574882        0.0000000000
       13.2232574882        0.0173222183
 
       13.2264338248        0.0000000000
       13.2264338248        0.0049325613
 
       13.2658130888        0.0000000000
       13.2658130888        0.0253306995
 
       13.2735575742        0.0000000000
       13.2735575742        0.0010819622
 
       13.3081020321        0.0000000000
       13.3081020321        0.0308011343
 
       13.3294567769        0.0000000000
       13.3294567769        0.0004000802
 
       13.3502915649        0.0000000000
       13.3502915649        0.0353388319
 
       13.3909037447        0.0000000000
       13.3909037447        0.0245378753
 
       13.3942395535        0.0000000000
       13.3942395535        0.0153420034
 
       13.4340735960        0.0000000000
       13.4340735960        0.0436485905
 
       13.4720588798        0.0000000000
       13.4720588798        0.0081256579
 
       13.4767327468        0.0000000000
       13.4767327468        0.0392599958
 
       13.5177155869        0.0000000000
       13.5177155869        0.0496514362
 
       13.5591998859        0.0000000000
       13.5591998859        0.0508599218
 
       13.5739834641        0.0000000000
       13.5739834641        0.0013378253
 
       13.6011988596        0.0000000000
       13.6011988596        0.0524150942
 
       13.6426571492        0.0000000000
       13.6426571492        0.0527112609
 
       13.6840713391        0.0000000000
       13.6840713391        0.0517713263
 
       13.7154551069        0.0000000000
       13.7154551069        0.0026164883
 
       13.7260986645        0.0000000000
       13.7260986645        0.0482209477
 
       13.7671180115        0.0000000000
       13.7671180115        0.0479034012
 
       13.8083981020        0.0000000000
       13.8083981020        0.0449767723
 
       13.8496327247        0.0000000000
       13.8496327247        0.0415244665
 
       13.8908119796        0.0000000000
       13.8908119796        0.0377601504
 
       13.9319244767        0.0000000000
       13.9319244767        0.0337976353
 
       13.9729593141        0.0000000000
       13.9729593141        0.0298001143
 
       14.0139059886        0.0000000000
       14.0139059886        0.0258793062
 
       14.0547277887        0.0000000000
       14.0547277887        0.0221219704
 
       14.0953485399        0.0000000000
       14.0953485399        0.0185982955
 
       14.1355656220        0.0000000000
       14.1355656220        0.0153102142
 
       14.1747605103        0.0000000000
       14.1747605103        0.0121498125
 
       14.2109444967        0.0000000000
       14.2109444967        0.0088218379
 
       14.2416047159        0.0000000000
       14.2416047159        0.0065673417
 
       14.2735940814        0.0000000000
       14.2735940814        0.0065561845
 
       14.3112548024        0.0000000000
       14.3112548024        0.0058387100
 
       14.3515928272        0.0000000000
       14.3515928272        0.0047017383
 
       14.3931092813        0.0000000000
       14.3931092813        0.0036282860
 
       14.4353536062        0.0000000000
       14.4353536062        0.0027254810
 
       14.4781805916        0.0000000000
       14.4781805916        0.0020009315
 
       14.5215389902        0.0000000000
       14.5215389902        0.0014369218
 
       14.5654114277        0.0000000000
       14.5654114277        0.0010091146
 
       14.6097934490        0.0000000000
       14.6097934490        0.0006925556
 
       14.6546845869        0.0000000000
       14.6546845869        0.0004640694
 
       14.7000866670        0.0000000000
       14.7000866670        0.0003033101
 
       14.7460024383        0.0000000000
       14.7460024383        0.0001931419
 
       14.7924353458        0.0000000000
       14.7924353458        0.0001196796
 
       14.8393897909        0.0000000000
       14.8393897909        0.0000720686
 
       14.8868719024        0.0000000000
       14.8868719024        0.0000421141
 
       14.9348895436        0.0000000000
       14.9348895436        0.0000238442
 
       14.9834532826        0.0000000000
       14.9834532826        0.0000130578
 
       15.0325772616        0.0000000000
       15.0325772616        0.0000069039
 
       15.0822804526        0.0000000000
       15.0822804526        0.0000035172
 
       15.1325878738        0.0000000000
       15.1325878738        0.0000017230
 
       15.1835329947        0.0000000000
       15.1835329947        0.0000008100
 
       15.2351601741        0.0000000000
       15.2351601741        0.0000003648
 
       15.2875275220        0.0000000000
       15.2875275220        0.0000001572
 
       15.3407091815        0.0000000000
       15.3407091815        0.0000000649
 
       15.3947943401        0.0000000000
       15.3947943401        0.0000000257
 
